0.995122417179576,0.000207298585640122,9.36040607166513e-07,0.00466934819417668
0.99506187948129,0.000207441448722333,9.41041514667088e-07,0.00472973802847252
0.995000438859772,0.000207477885927392,9.45861055472441e-07,0.00479113739324492
0.994938158188904,0.000207491641452278,9.50659753088865e-07,0.00485339950989067
0.99487456913342,0.00020753570922817,9.55581026914879e-07,0.00491693957632521
0.994809506918374,0.000207591149070349,9.60598729552061e-07,0.00498194133382611
0.994743678274224,0.000207611889551463,9.65563225854982e-07,0.00504774427299853
0.994679575548888,0.000207619659395922,9.70332596578482e-07,0.0051118344591194
0.994618072257769,0.0002076540327981,9.74928871228791e-07,0.00517329878056222
0.994558068458766,0.000207717043923177,9.7944267814283e-07,0.00523323505463301
0.99450066787594,0.000207831142072671,9.83843596731661e-07,0.0052905171383902
0.994447133355239,0.000208028972315373,9.88114143724493e-07,0.00534384955830162
0.994396162464725,0.000208305822639029,9.92346270664314e-07,0.0053945393663656
0.994345391054654,0.000208625724121902,9.96639610298413e-07,0.00544498658161394
0.994293948242197,0.000208970371391586,1.00102012949498e-06,0.00549608036628171
0.994243682116844,0.000209360590132846,1.00540104661373e-06,0.00554595189197635
0.994195872763662,0.000209812476859839,1.00972689400777e-06,0.00559330503258447
0.994149108415536,0.000210305474575083,1.01405493971868e-06,0.00563957205494928
0.994101813160531,0.000210766691454875,1.01833959946513e-06,0.00568640180841442
0.994053002883144,0.000211106417323492,1.02245481079985e-06,0.00573486824472172
0.994002075596242,0.000211316099048199,1.02642065079256e-06,0.00578558188405941
0.993949556143651,0.000211482019417653,1.03038331984968e-06,0.00583793145361196
0.993895914901608,0.000211683634372986,1.03448037852798e-06,0.0058913669836404
0.993840909675214,0.000211940040113752,1.03876945731803e-06,0.00594611151521506
0.993784987723975,0.000212253405727883,1.04322450224608e-06,0.00600171564579471
0.993729202712377,0.000212622042116906,1.04777048515175e-06,0.00605712747502152
0.993674335373868,0.000213037515029707,1.05233817868125e-06,0.00611157477292359
0.993622441412075,0.000213517943355568,1.05683287253898e-06,0.0061629838116971
0.993574237152516,0.000214067040049805,1.06121913913601e-06,0.00621063458829511
0.993528550518986,0.00021468181508527,1.06557283229974e-06,0.00625570209309606
0.993486531435196,0.000215397646666294,1.06989924489371e-06,0.00629700101889295
0.993448894014898,0.000216198629834465,1.07411725400381e-06,0.0063338332380141
0.993415263117112,0.000217037343276872,1.07814667085033e-06,0.0063666213929403
0.993386325743046,0.000217924324786928,1.08196660946414e-06,0.00639466796555769
0.99336106458909,0.000218848249225747,1.08562105676851e-06,0.00641900154062751
0.993335834005925,0.000219723390076671,1.08916241583345e-06,0.00644335344158306
0.993307713866984,0.000220484932375649,1.0926405164185e-06,0.00647070856012353
0.993277050026425,0.000221159914834835,1.09609019316068e-06,0.00650069396854747
0.993245977304456,0.000221829901589558,1.09954849931956e-06,0.00653109324545501
0.993215782317863,0.000222550671541689,1.10305362005104e-06,0.00656056395697484
0.993187000689601,0.000223338528633792,1.10660734850271e-06,0.006588554174417
0.993160128634417,0.000224199317981111,1.1101918119158e-06,0.00661456185578972
0.993135094491466,0.000225126747147826,1.1138001510017e-06,0.00663866496123543
0.993111770743326,0.000226127010950326,1.11745663072698e-06,0.00666098478909296
0.99309100298201,0.000227212426963406,1.12113319602117e-06,0.00668066345783061
0.993073481830342,0.000228367116241727,1.12474688604672e-06,0.0066970263065299
0.993057588969206,0.000229543998727323,1.12829661105342e-06,0.00671173873545617
0.993040411660626,0.000230680353020431,1.1318334086639e-06,0.00672777615294491
0.993021088289263,0.000231782529316472,1.13542784777032e-06,0.00674599375357234
0.9929999271164,0.000232879581891333,1.13912440971034e-06,0.00676605417729857
0.992976374205547,0.0002339325803946,1.1428768811651e-06,0.00678855033717747
0.992951659135753,0.000234976871931777,1.14668539806226e-06,0.00681221730691728
0.992927017976388,0.000236057562562039,1.1505669363553e-06,0.00683577389411305
0.992900963798403,0.000237112464310915,1.1544790904751e-06,0.00686076925819546
0.99287340706277,0.000238140812950798,1.15842100806866e-06,0.00688729370327132
0.992845530254672,0.000239206398569262,1.16244911576888e-06,0.00691410089764297
0.992816375004787,0.000240344170274201,1.16669952683741e-06,0.00694211412541227
0.992785522117268,0.000241561115283595,1.17121658546387e-06,0.0069717455508624
0.992755447735417,0.000242842605655775,1.17581144978404e-06,0.00700053384747714
0.992726955031142,0.000244161069770186,1.18037734536116e-06,0.00702770352174253
0.992698557132608,0.000245516740352545,1.18501514425563e-06,0.00705474111189486
0.992669958405968,0.000246957153700354,1.1898462640763e-06,0.00708189459406706
0.992641428266258,0.000248501466858132,1.19489243755954e-06,0.00710887537444629
0.992614981437963,0.000250131101449506,1.19997930781902e-06,0.00713368748127975
0.992594410036482,0.00025184227816139,1.20484664657717e-06,0.00715254283871032
0.992581160890622,0.00025362736702328,1.2093783626367e-06,0.00716400236399228
0.992572324355588,0.000255470995365041,1.21372587834359e-06,0.00717099092316896
0.992563147488138,0.000257392449632715,1.21823522552467e-06,0.0071782418270042
0.992552846766885,0.000259439866819726,1.22305402362486e-06,0.00718649031227152
0.992545640900888,0.000261637846086504,1.22795141232904e-06,0.00719149330161289
0.992544926860495,0.000263966116426126,1.23265708632715e-06,0.00718987436599282
0.992550256346417,0.000266384159974681,1.23711335639307e-06,0.00718212238025218
0.992559299711907,0.00026887987696591,1.24144427238257e-06,0.00717057896685486
0.992568289773049,0.000271490386877962,1.2459688883088e-06,0.00715897387118472
0.992573847622502,0.000274238383689855,1.25095617476965e-06,0.00715066303763291
0.992575782534959,0.000277047992096534,1.25626961047152e-06,0.00714591320333365
0.992574699034299,0.000279777034392546,1.26158803252266e-06,0.0071442623432763
0.99257092667189,0.000282360607778528,1.2667619495033e-06,0.00714544595838183
0.992564842808395,0.000284876163870039,1.27192197698483e-06,0.00714900910575822
0.992556353401683,0.000287361474177326,1.27715271084042e-06,0.00715500797142827
0.99254561818171,0.000289683161502222,1.28218530318312e-06,0.00716341647148458
0.992532943582366,0.000291737322160509,1.28680313273329e-06,0.00717403229234041
0.992519133987514,0.000293573524270712,1.29105604930926e-06,0.00718600143216621
0.992505850248621,0.000295331908803999,1.29510715157375e-06,0.00719752273542327
0.992494132650452,0.000297139714893779,1.29913465833108e-06,0.00720742849999553
0.992483320778118,0.000299044747762597,1.30327865885994e-06,0.00721633119546074
0.992472984703892,0.000301123622066768,1.30771169663895e-06,0.00722458396234476
0.992464405703477,0.000303545257236569,1.3126535952668e-06,0.00723073638569032
0.992458317395341,0.000306439846429569,1.31828030734823e-06,0.00723392447792238
0.992453473080103,0.00030975013684128,1.32455337059387e-06,0.00723545222968525
0.992449039625109,0.000313295959348175,1.33118707293074e-06,0.00723633322847006
0.99244567381128,0.000317000939225422,1.33799158807534e-06,0.00723598725790658
0.99244286644686,0.000320928985550141,1.34511527801067e-06,0.00723485945231211
0.99243846666289,0.000325110619000316,1.3527590218422e-06,0.00723506995908749
0.992431300097337,0.000329471040687504,1.36086332662139e-06,0.00723786799864912
0.992420983888831,0.000333881051556799,1.36921961480465e-06,0.00724376583999802
0.992408913098049,0.000338260594623717,1.37758573195938e-06,0.00725144872159552
0.992400570248653,0.000342655688149712,1.38564286274523e-06,0.00725538842033487
0.992400339678256,0.00034713357785356,1.39318054019303e-06,0.00725113356335087
0.992406969833087,0.000351689903747756,1.40027353155483e-06,0.00723993998963436
0.992416039112134,0.000356298929750464,1.40719957298968e-06,0.00722625475854248
0.992424625523926,0.000360951218971868,1.4141605421326e-06,0.00721300909655986
0.992433290968487,0.000365654508269796,1.42112725632834e-06,0.00719963339598688
0.992443065469298,0.00037044961951713,1.42808745206081e-06,0.00718505682373252
0.992454396212097,0.000375413078044451,1.43512796915314e-06,0.00716875558188928
0.992469041034721,0.000380619154373351,1.44222351917475e-06,0.00714889758738641
0.992488942898568,0.000386122453958887,1.44929220344095e-06,0.0071234853552694
0.99251333461637,0.000391929577734426,1.45638204757046e-06,0.00709327942384767
0.992540132937442,0.00039796450566271,1.46351770347432e-06,0.00706043903919179
0.992569734731163,0.000404133423956662,1.47050368550618e-06,0.00702466134119462
0.992602810717153,0.0004103881654864,1.47719748038338e-06,0.00698532391987982
0.992636734182995,0.000416647767576211,1.4836820654592e-06,0.00694513436736327
0.992668102076688,0.000422741554409938,1.48998378073191e-06,0.0069076663851215
0.992696288031323,0.000428551637712027,1.49599573805833e-06,0.00687366433522683
0.992723120159722,0.000434137350523436,1.50167439444072e-06,0.00684124081536016
0.992750402016161,0.00043966036255735,1.50711990376463e-06,0.00680843050137751
0.992778847622302,0.000445242950091296,1.51245330286542e-06,0.00677439697430409
0.992807939605495,0.000450867408686931,1.51768959298625e-06,0.00673967529622459
0.99283671233504,0.00045644717016307,1.5227877570614e-06,0.00670531770703942
0.992866364611095,0.000462003095926946,1.5276744000447e-06,0.00667010461857829
0.992899273411188,0.000467611358891987,1.53224187507496e-06,0.00663158298804474
0.992934053234889,0.000473230366604357,1.53655079233574e-06,0.00659117984771405
0.992967277093093,0.000478797126970616,1.54082619019745e-06,0.00655238495374619
0.992998969489101,0.000484403985632216,1.54519506159079e-06,0.00651508133020522
0.9930301824916,0.000490166241115744,1.54971297359863e-06,0.00647810155431114
0.993059534506939,0.000496049277907805,1.55445733011794e-06,0.00644286175782325
0.993086005734415,0.000501974290475344,1.55942125091812e-06,0.00641046055385889
0.99311090356395,0.000507951705042254,1.56450133628351e-06,0.00637958022967158
0.993135690115347,0.000513988687620257,1.56957159089532e-06,0.00634875162544194
0.993160050219016,0.000520007568473773,1.57456396519845e-06,0.00631836764854522
0.993182671355529,0.000525994168811004,1.57959136524939e-06,0.0062897548842955
0.993203558770099,0.000532019849648925,1.58474585646497e-06,0.00626283663439544
0.993224880603782,0.000538145167032462,1.5898862629005e-06,0.00623538434292325
0.993247872593422,0.000544435145349085,1.59496580009047e-06,0.00620609729542867
0.993270442860283,0.000550855376196214,1.60015250756851e-06,0.00617710161101397
0.993290860578369,0.00055730456335345,1.60550262690672e-06,0.0061502293556511
0.99330910434803,0.00056379891336516,1.61104132056942e-06,0.00612548569728379
0.993324465947246,0.00057036966126043,1.61688197217846e-06,0.00610354750952091
0.993337127311648,0.000576974268905194,1.62295864560128e-06,0.00608427546080085
0.99334933987217,0.000583646981760657,1.6290773866681e-06,0.0060653840686828
0.993362963529453,0.000590450862851582,1.63511238584402e-06,0.00604495049530937
0.993377152500534,0.000597294835364486,1.64104404691839e-06,0.00602391162005443
0.99339086674942,0.000604105243955806,1.64690129124686e-06,0.00600338110533279
0.993406327640108,0.000611040740420977,1.65262709753068e-06,0.00598097899237347
0.993424758251383,0.000618262231936522,1.65826253615647e-06,0.00595532125414402
0.993444301155516,0.000625755211470347,1.6639822632017e-06,0.00592827965074989
0.993465207705142,0.000633537020365008,1.66976575819695e-06,0.00589958550873453
0.993488970252563,0.000641629217858943,1.67545539697134e-06,0.00586772507418054
0.993514262397571,0.000649861892117289,1.68100208954899e-06,0.00583419470822249
0.993538742952258,0.000658022030295984,1.68644045697411e-06,0.0058015485769894
0.993562690804258,0.000666108987493879,1.69174335911348e-06,0.00576950846488959
0.993589229472725,0.000674276152868693,1.69671098405833e-06,0.00573479766342202
0.993621057811176,0.000682645430910217,1.70114146173707e-06,0.00569459561645224
0.993657973735105,0.000691255890721797,1.70507372400931e-06,0.00564906530044911
0.99369719717205,0.000699985770217606,1.70869346542157e-06,0.00560110836426705
0.993736322059738,0.000708555934874549,1.71200803344306e-06,0.00555340999735379
0.993775879342194,0.000716735989216881,1.71473851220627e-06,0.00550566993007694
0.993817641868801,0.000724592638596567,1.71674208048813e-06,0.00545604875052182
0.993861586902694,0.000732303185820106,1.7181917992315e-06,0.00540439171968706
0.993905266947731,0.0007397087022755,1.71924766084193e-06,0.00535330510233301
0.993947263423774,0.000746619564015272,1.71992895470049e-06,0.00530439708325596
0.993988645141992,0.000753227694457162,1.72029455864008e-06,0.0052564068689928
0.994029600274124,0.000759741843751393,1.72052052847539e-06,0.00520893736159635
0.994069050250106,0.000766173143077424,1.72076415750014e-06,0.00516305584265951
0.994106786617819,0.000772573785472379,1.72110589302003e-06,0.00511891849081587
0.994143189816373,0.000779055343586623,1.72159506708461e-06,0.00507603324497373
0.994178350952609,0.000785689946164897,1.72227832719935e-06,0.00503423682289859
0.994212279276578,0.000792508082824732,1.72317808861027e-06,0.00499348946250945
0.994244414629945,0.000799468162951536,1.7243382348861e-06,0.00495439286886827
0.994274731232656,0.000806501075886032,1.72570971753724e-06,0.00491704198174084
0.994304673557532,0.000813560438205223,1.72705685352421e-06,0.00488003894740952
0.994334596256041,0.000820664545907871,1.72834539657735e-06,0.00484301085265383
0.99436322560729,0.00082785064997832,1.72978755109896e-06,0.00480719395518058
0.994389480746852,0.00083503408769343,1.73147638799923e-06,0.00477375368906641
0.994412532285076,0.000842090320016391,1.73344401162652e-06,0.00474364395089574
0.994431382386106,0.000848964709304324,1.73580762482407e-06,0.00471791709696447
0.994446476835862,0.000855542246943879,1.73842997021656e-06,0.0046962424872237
0.994458794482692,0.000861649960125169,1.74104535010381e-06,0.00467781451183217
0.99446740649219,0.000867388297599519,1.74387123126023e-06,0.00466346133897894
0.994472076833506,0.000873123735311385,1.74722662852183e-06,0.00465305220455461
0.994474441348485,0.000879172105961078,1.75111313883745e-06,0.00464463543241481
0.994474776338978,0.000885761451617882,1.75565664931875e-06,0.00463770655275448
0.994471229853963,0.000892942186538646,1.761160313335e-06,0.00463406679918483
0.994462454564789,0.00090052421219025,1.76768229293474e-06,0.00463525354072808
0.994449217283094,0.0009084109199139,1.77504507546901e-06,0.00464059675191722
0.994433756138516,0.000916763983349358,1.78303587495431e-06,0.00464769684226007
0.994417761214875,0.000925661911937858,1.79145528237229e-06,0.00465478541790488
0.994401229353473,0.000934937494538524,1.80018433481856e-06,0.00466203296765413
0.994383285220966,0.000944462498851444,1.80926617676691e-06,0.0046704430140054
0.994363446900712,0.000954194337906629,1.81873860147409e-06,0.0046805400227799
0.994341515823937,0.000964165516602235,1.82864708607937e-06,0.00469249001237468
0.994316030754162,0.000974676633530839,1.83942268144802e-06,0.00470745318962519
0.994285373358439,0.000986087408504721,1.85156105696832e-06,0.00472668767199923
0.994249796335822,0.000998474954438672,1.86506979303504e-06,0.00474986363994679
0.994210170669772,0.00101166141043799,1.87968375228663e-06,0.00477628823603742
0.994166342559479,0.0010255098391375,1.89532626522789e-06,0.00480625227511828
0.994117432037187,0.00104011995371805,1.91219760571821e-06,0.00484053581148924
0.994062674726052,0.00105569566808151,1.9305513502202e-06,0.00487969905451634
0.994001905333484,0.00107239833970989,1.95051538327889e-06,0.00492374581142319
0.993935871059136,0.00109026994244649,1.9719882004178e-06,0.0049718870102174
0.993865800987809,0.00110916091105726,1.9946639311302e-06,0.0050230434372023
0.99379214816809,0.00112875320973445,2.0182550470417e-06,0.00507708036712906
0.993714634869122,0.00114869570183538,2.04257596341424e-06,0.00513462685307972
0.993632967963657,0.0011688235561815,2.06756857327173e-06,0.00519614091158828
0.993547725214659,0.00118923309142164,2.09320657223178e-06,0.00526094848734743
0.993460686835038,0.00121007539426837,2.11930869137038e-06,0.00532711846200266
0.993372782774974,0.00123138088392967,2.14575020958342e-06,0.00539369059088688
0.993283645525534,0.00125309803643188,2.17255836871494e-06,0.00546108387966566
0.99319353552969,0.00127517830219283,2.19965948369894e-06,0.00552908650863346
0.993103147811714,0.00129763811291376,2.22694621062693e-06,0.00559698712916208
0.993012221691204,0.00132053433515273,2.25448638577314e-06,0.00566498948725702
0.992919406626423,0.00134392767714256,2.28252614257194e-06,0.00573438317029163
0.992823614518053,0.00136779401024765,2.31122236636505e-06,0.00580628024933283
0.992725468207831,0.00139192513589869,2.34035095103574e-06,0.00588026630531957
0.992626222651408,0.00141615087470983,2.36961023425964e-06,0.00595525686364727
0.99252653598085,0.00144063998226015,2.39899751750466e-06,0.00603042503937265
0.992425723263971,0.00146573387728349,2.42882394935363e-06,0.00610611403479618
0.992322625881524,0.00149169611964811,2.45942451140471e-06,0.00618321857431699
0.992217859509541,0.00151871912186943,2.49080915705956e-06,0.00626093055943227
0.992111553753593,0.00154671162354129,2.52289488606498e-06,0.00633921172797924
0.99200274938335,0.00157538520140734,2.55565367476171e-06,0.00641930976156764
0.991891424731154,0.00160459617874736,2.58899592313293e-06,0.00650139009417502
0.99177739822179,0.00163427896857835,2.62290775433861e-06,0.00658569990187761
0.991659877410451,0.00166443114319862,2.65750987817628e-06,0.00667303393647192
0.99153833974715,0.00169525613009883,2.69299042563274e-06,0.00676371113232619
0.991413373052863,0.0017270419836866,2.72940430972086e-06,0.00685685555914083
0.99128604583345,0.00175982283808798,2.76659557119477e-06,0.00695136473289094
0.991156876769447,0.0017933237187941,2.80433593067927e-06,0.00704699517582871
0.991025667590604,0.00182697560271398,2.84235476983057e-06,0.00714451445191249
0.990892055624435,0.00186010992932495,2.88035225480446e-06,0.00724495409398501
0.990755915566151,0.00189272603331923,2.91835291974897e-06,0.00734844004761018
0.990615985460782,0.00192526218510942,2.95680052907388e-06,0.00745579555357969
0.990470991121085,0.00195770382299239,2.99589608946671e-06,0.00756830915983382
0.990321771130013,0.0019899207970983,3.03543907922415e-06,0.00768527263380909
0.990170460256454,0.00202208178913441,3.07517857575565e-06,0.00780438277583522
0.990019460669253,0.00205444185592655,3.11486651329712e-06,0.00792298260830742
0.989870290456721,0.00208714873686936,3.15434059771046e-06,0.00803940646581239
0.989722202853828,0.00212014627266852,3.19368949774662e-06,0.00815445718400624
0.989573280638065,0.0021531142044857,3.23304560339285e-06,0.00827037211184633
0.989422874697179,0.00218599803687631,3.27248363382266e-06,0.00838785478231158
0.98926995488654,0.00221909095080316,3.31232213219333e-06,0.00850764184052405
0.989112049772281,0.00225213762819118,3.35281524788738e-06,0.00863245978428033
0.988949215657465,0.00228472677385649,3.39373740799598e-06,0.00876266383127098
0.988783754557603,0.00231689250149004,3.43474316569287e-06,0.00889591819774188
0.988617512557026,0.00234874207703873,3.47560105338578e-06,0.0090302697648814
0.988453166814176,0.00238060343906263,3.51607657957229e-06,0.00916271367018246
0.988292272055135,0.0024128667132728,3.55614324016869e-06,0.00929130508835237
0.988133172837214,0.00244564775547853,3.59611986030506e-06,0.00941758328744742
0.987976168033805,0.00247925431324295,3.6361247020796e-06,0.0095409415282498
0.987824315454084,0.00251391458524801,3.67581403975088e-06,0.00965809414662779
0.98767733220689,0.00254935635943009,3.71508817484314e-06,0.0097695963455048
0.987531373152355,0.00258521997232225,3.75434129317112e-06,0.00987965253402989
0.987385290933652,0.00262137411179844,3.79368112383583e-06,0.00998954127342612
0.987241956030944,0.00265786284196722,3.83269620592054e-06,0.0100963484308836
0.987102586164602,0.00269467638173558,3.87119173440748e-06,0.0101988662619283
0.986964564932359,0.00273167587425751,3.90948642919886e-06,0.0102998497069547
0.986825301985506,0.00276884939712485,3.94796289973011e-06,0.0104019006544691
0.986685350276287,0.00280656315638144,3.98672422465983e-06,0.0105040998431071
0.986546469727536,0.00284525591879438,4.02572714291115e-06,0.0106042486265268
0.986408854446593,0.00288493590745894,4.06494055405445e-06,0.0107021447053941
0.98627139971806,0.00292512259605545,4.10428551761914e-06,0.0107993734003673
0.986132438623567,0.00296538754232407,4.1438025966459e-06,0.0108980300315124
0.985990793548511,0.00300578441083051,4.18369633336218e-06,0.0109992383443248
0.985846360174992,0.00304642194062637,4.2240345074782e-06,0.0111029938498739
0.985699354840144,0.00308705016545709,4.2646672801074e-06,0.011209330327119
0.985550514743051,0.00312737476706173,4.30534606287977e-06,0.011317805143825
0.985400154989397,0.00316762678545174,4.34613590865696e-06,0.011427872089243
0.985247457672733,0.00320831206312307,4.38741022479788e-06,0.0115398428539195
0.985092732087509,0.00324915381408181,4.42900601192615e-06,0.0116536850923971
0.984936963452529,0.00328909497214138,4.47028095768829e-06,0.0117694712943721
0.984780673468359,0.0033279441999377,4.51106067615624e-06,0.0118868712710278
0.984623745242312,0.00336661887824714,4.55178810996662e-06,0.0120050840913309
0.984466405766372,0.00340551209645081,4.5926129872515e-06,0.01212348952419
0.984312899211403,0.00344443944769301,4.63281579146252e-06,0.0122380285251121
0.984168094258517,0.00348318956352266,4.67157256254104e-06,0.0123440446053979
0.984030445448789,0.00352158397115506,4.70903181067477e-06,0.0124432615482452
0.983896113325449,0.00355963197540023,4.74577159914935e-06,0.0125395089275519
0.983765544074219,0.00359723360062148,4.78168714422491e-06,0.0126324406380149
0.983639442251685,0.00363411822485959,4.81656334387436e-06,0.0127216229601115
0.983515958729763,0.00366997019716353,4.85054072992108e-06,0.0128092205323437
0.983392178651631,0.00370469955512003,4.88401706469506e-06,0.012898237776184
0.983265784985393,0.00373870057453509,4.91752444514907e-06,0.0129905969156273
0.983139670316642,0.00377230372073115,4.95078464913818e-06,0.0130830751779771
0.983019738632897,0.00380567557306853,4.98298575490557e-06,0.0131696028082796
0.982907103814442,0.00383922958860356,5.01413945413177e-06,0.0132486524575004
0.98279890922291,0.00387282293136402,5.0446086943913e-06,0.0133232232370314
0.982696184811441,0.00390562726368211,5.07387829416553e-06,0.0133931140465831
0.98260458694384,0.00393766670746679,5.1011160914554e-06,0.0134526452326024
0.982526117748776,0.00396984974767604,5.12641545806072e-06,0.0134989060880903
0.982455631955997,0.00400253535986299,5.15069313597552e-06,0.0135366819910043
0.982387512955489,0.00403521951598782,5.17456666658794e-06,0.0135720929618567
0.982319804554796,0.00406751183843033,5.1981643809548e-06,0.0136074854423925
0.982251861981414,0.0040997154319036,5.22171997646704e-06,0.013643200866706
0.982183707912887,0.00413169872251326,5.24517922853041e-06,0.0136793481853707
0.982113847960431,0.00416194083522458,5.2681349816028e-06,0.0137189430693628
0.982039430669321,0.004188927052914,5.2903998365164e-06,0.0137663518779288
0.981961448399915,0.00421280739065707,5.31189799886713e-06,0.0138204323114294
0.981883013109563,0.00423491334438801,5.33271223233979e-06,0.0138767408338166
0.981805320929118,0.00425592736321429,5.35294459157169e-06,0.0139333987630757
0.981728972389544,0.00427520351800678,5.3722444563462e-06,0.0139904518479925
0.981653637610012,0.00429198863634442,5.39035790076704e-06,0.0140489833957429
0.981577741403609,0.00430653249735738,5.40762583187555e-06,0.0141103184732022
0.981499950809628,0.00431986583206191,5.42467311064615e-06,0.0141747586851991
0.981419379985903,0.00433262312330268,5.44190122458314e-06,0.0142425549895702
0.981336115025497,0.00434479469219599,5.45930080159111e-06,0.0143136309815051
0.981250098154721,0.00435668523484031,5.47700627135378e-06,0.0143877396041675
0.981161717422315,0.00436902470367986,5.49525842318072e-06,0.0144637626155824
0.981073938188222,0.00438188957509618,5.51363941615977e-06,0.0145386585972653
0.980988565344005,0.00439462286435339,5.53160306146278e-06,0.0146112801885803
0.980905228530582,0.00440701437188772,5.54912834571243e-06,0.0146822079691851
0.980823771678755,0.00441901325208688,5.56623069409718e-06,0.0147516488384639
0.980742776631628,0.00442992736139182,5.58282942672287e-06,0.0148217131775536
0.9806602078217,0.0044388531842916,5.59883220328939e-06,0.0148953401618056
0.980575715774142,0.00444541768217118,5.61411455784675e-06,0.0149732524291292
0.980490717913109,0.00444997419573471,5.62860150356009e-06,0.0150536792896519
0.980407343017166,0.00445302824880059,5.6421858525523e-06,0.0151339865481806
0.980328083528094,0.00445500130130827,5.65468154639296e-06,0.0152112604890516
0.980256049164814,0.00445669081185972,5.66598062131746e-06,0.0152815940427052
0.980193677099335,0.00445829450367356,5.67582141507819e-06,0.0153423525755759
0.980137886873173,0.00445819048907663,5.68397357786242e-06,0.0153982386641726
0.98007910645952,0.00445473149259785,5.69113664355905e-06,0.0154604709112386
0.980012200806716,0.00444840838600126,5.69825534267644e-06,0.0155336925519402
0.979942399955252,0.00444097009250161,5.70529224736036e-06,0.0156109246599994
0.979874947851792,0.00443321785562212,5.71181356700733e-06,0.0156861224790183
0.979808876314127,0.00442477959950905,5.71779258944727e-06,0.0157606262937741
0.979742235178274,0.0044152197662384,5.72331169872256e-06,0.0158368217437894
0.979675369243779,0.00440478120114259,5.72841785159682e-06,0.0159141211372267
0.979609302092175,0.00439435874256338,5.73336123256394e-06,0.015990605804029
0.979544482398613,0.00438423402124538,5.73820679274306e-06,0.0160655453733484
0.979482106251851,0.00437359602409749,5.74242210667278e-06,0.0161385553019443
0.979422823550763,0.00436154713277763,5.74550883228167e-06,0.0162098838076271
0.979364319876986,0.00434762406926626,5.74757387990941e-06,0.0162823084798682
0.979304083376683,0.00433174406660963,5.74891361504294e-06,0.0163584236430919
0.979242320759664,0.00431458849492897,5.74979298047387e-06,0.0164373409524268
0.97917904960961,0.00429709259892131,5.75063248714864e-06,0.0165181071589817
0.979112231800099,0.00427906686329947,5.75162264206032e-06,0.0166029497139594
0.979040845773845,0.00425966715337906,5.75249428264509e-06,0.0166937345784935
0.978966795894033,0.00423882406094449,5.75292772969019e-06,0.016788627117293
0.978892910824179,0.004217365038632,5.75291614749148e-06,0.0168839712210417
0.978818759911896,0.00419589452828252,5.75280628889217e-06,0.0169795927535318
0.978743464243718,0.00417454740404678,5.75277988240165e-06,0.0170762355723525
0.978668501495929,0.00415370326741556,5.75282901694414e-06,0.0171720424076382
0.978593286114239,0.00413381537687749,5.75327132825813e-06,0.017267145237555
0.978516240983991,0.00411511162808605,5.75444386010403e-06,0.0173628929440625
0.978436712461139,0.00409741572681637,5.75634618398328e-06,0.017460115465861
0.978354852926181,0.00407992309167797,5.75854467880129e-06,0.0175594654374623
0.978272712434002,0.00406167125813681,5.76027527765684e-06,0.0176598560325841
0.978190717035917,0.00404244656266935,5.7613676306462e-06,0.0177610750337826
0.978106687865909,0.00402275052281173,5.76235386834075e-06,0.0178647992574112
0.978019223377392,0.00400250070988448,5.76335557273904e-06,0.0179725125571506
0.977929614632157,0.00398095470311142,5.76379746716826e-06,0.0180836668672647
0.97784318399629,0.00395847089861629,5.76318338231855e-06,0.0181925819217112
0.977764618916449,0.00393605486110305,5.76147204992699e-06,0.0182935647503977
0.977689053839024,0.00391306640080121,5.75894318454204e-06,0.0183921208169901
0.977608515750338,0.0038880606071253,5.75579425501614e-06,0.0184976678482817
0.977523568598873,0.00386090396173942,5.75185122268841e-06,0.0186097755881652
0.977438447190815,0.00383249688422895,5.74705274973479e-06,0.0187233088722067
0.97735458875179,0.00380390300557881,5.74178570451127e-06,0.0188357664569264
0.977270427433157,0.00377592989773011,5.73668703627026e-06,0.0189479059820767
0.977183400365424,0.00374886227626295,5.73223362261916e-06,0.0190620051246902
0.977093445577362,0.00372276900419798,5.72847960454538e-06,0.0191780569388359
0.977001873662046,0.0036973847223751,5.7251224278837e-06,0.0192950164931505
0.976908959472858,0.00367207115807195,5.72175522154097e-06,0.0194132476138491
0.976814408623327,0.00364661448090132,5.71827933332462e-06,0.0195332586164381
0.976715399063386,0.003620891425491,5.7149477063804e-06,0.0196579945634165
0.976607565663407,0.00359457287042153,5.71205841512248e-06,0.0197921494077566
0.976488694083707,0.00356802228889028,5.71006371849981e-06,0.0199375735636846
0.976360428857844,0.00354202811469476,5.70924084724076e-06,0.0200918337866144
0.976229128864906,0.00351706183335078,5.70915605148974e-06,0.0202481001456918
0.976098970938791,0.00349303342359328,5.70928041665909e-06,0.0204022863571989
0.975968285188952,0.00346923379569593,5.709348861376e-06,0.0205567716664906
0.975834871788865,0.00344486025026582,5.70909016126368e-06,0.0207145588707083
0.975697984011955,0.00341938423569824,5.70823815084051e-06,0.0208769235141962
0.975556060686794,0.00339238738757284,5.70667009782847e-06,0.0210458452555352
0.975404423131781,0.00336359805599739,5.70466314222319e-06,0.0212262741490791
0.975240092236928,0.00333332134217197,5.70265989344705e-06,0.021420883761007
0.975068301905787,0.00330241396481255,5.70061136827991e-06,0.0216235835180324
0.974900201802511,0.00327173571078018,5.69791440328824e-06,0.0218223645723051
0.974744951700699,0.00324159934836615,5.69386835124414e-06,0.0220077550825832
0.974604202530666,0.00321189253564123,5.6882784405599e-06,0.0221782166552523
0.974471288340789,0.0031828145972866,5.68200191011354e-06,0.0223402150600141
0.97433872575218,0.00315459321112408,5.67597560965259e-06,0.0225010050610864
0.974205582292142,0.00312695249513106,5.67010521641065e-06,0.0226617951075101
0.974070488345471,0.0030991335179369,5.66397833609493e-06,0.0228247141582555
0.973927357265758,0.0030699522512578,5.65730988970199e-06,0.0229970331730944
0.973774072051519,0.00303869783970405,5.64972833053467e-06,0.0231815803804468
0.973619260755516,0.00300590937082871,5.64073963564087e-06,0.0233691891340197
0.973476649393809,0.00297304927159107,5.63012264465445e-06,0.0235446712119551
0.973351982137608,0.00294130851050747,5.61829237080062e-06,0.0237010910595139
0.973236786589879,0.00291079302197991,5.606182365219e-06,0.0238468142057761
0.973120031098542,0.00288142027998868,5.5947908441271e-06,0.0239929538306255
0.97299634571708,0.00285325515107194,5.58468976554334e-06,0.0241448144420824
0.972863104070117,0.00282589407096778,5.57580182832271e-06,0.0243054260570868
0.972722148295861,0.00279885808124405,5.56755497330522e-06,0.0244734260679213
0.972577910105181,0.00277251875638669,5.55984941456169e-06,0.0246440112890175
0.972437836776619,0.00274793521743418,5.55293802952947e-06,0.0248086750679173
0.972312809261185,0.00272564838509045,5.54638330121779e-06,0.024955995970423
0.97221154093674,0.00270520395296793,5.53910811728326e-06,0.0250777160021748
0.972129989896358,0.00268542142052541,5.53051703748295e-06,0.0251790581660783
0.972050970523343,0.00266537941725842,5.52133864622194e-06,0.0252781287207524
0.971963242207465,0.00264524769330674,5.51267696002016e-06,0.0253859974222682
0.971869022311692,0.00262546991860176,5.50470191122356e-06,0.0255000030677946
0.971773386443323,0.00260587780090776,5.49682686861866e-06,0.0256152389289004
0.971678047528776,0.00258596205872012,5.48846097465023e-06,0.0257305019515293
0.971585054589527,0.00256555411889297,5.47927531466021e-06,0.0258439120162661
0.971497299221691,0.00254503087452893,5.46935770414634e-06,0.0259522005460759
0.971413497857869,0.00252457158606621,5.45897896426456e-06,0.0260564715771005
0.971331671975386,0.00250389227041882,5.44805042101267e-06,0.0261589877037741
0.971258531530135,0.00248306588040732,5.43609634872435e-06,0.0262529664931092
0.971205484066949,0.00246268222097107,5.4227505859898e-06,0.0263264109614944
0.971178368669001,0.00244311560120081,5.40792395330946e-06,0.0263731078058455
0.971171635165039,0.00242417932931189,5.39192646421492e-06,0.0263987935791855
0.971175164390943,0.00240571818292429,5.37544444978943e-06,0.0264137419816829
0.971186818102767,0.00238790670744859,5.35882463468576e-06,0.0264199163651503
0.971206782529756,0.00237077002025194,5.34208971157116e-06,0.0264171053602806
0.971230927786928,0.00235407888610009,5.32536112545475e-06,0.026409667965847
0.971256128483919,0.00233762196377435,5.30869156279369e-06,0.026400940860744
0.971283262798503,0.00232127017858558,5.29189269025887e-06,0.0263901751302212
0.971316480312958,0.00230495363362869,5.274575907075e-06,0.0263732914775066
0.971362439688609,0.00228876115121656,5.25631173099928e-06,0.0263435428484439
0.971425806666862,0.00227303629748294,5.23707985258573e-06,0.0262959199558023
0.971498536965457,0.00225825127802375,5.21799011661326e-06,0.0262379937664028
0.971566024135869,0.00224480073090706,5.20059780533707e-06,0.0261839745354186
0.971625214035247,0.00223269140509155,5.18517182322137e-06,0.0261369093878386
0.971679917406848,0.00222120114426458,5.17070612266814e-06,0.0260937107427651
0.971730168552218,0.00220962694203763,5.15648875338894e-06,0.0260550480169907
0.97177326568311,0.00219809373096255,5.14284417788338e-06,0.0260234977417493
0.971807005202897,0.00218669192373233,5.13003418828784e-06,0.0260011728391829
0.971829242290952,0.00217499179461267,5.11779728465844e-06,0.0259906481171508
0.971838560620684,0.00216289487009352,5.10613832386788e-06,0.0259934383708989
0.971837418231695,0.00215086270173586,5.09532112791413e-06,0.0260066237454412
0.971827135980534,0.00213914141258775,5.08548463074595e-06,0.0260286371222472
0.971805738264504,0.00212719988477019,5.07623709372885e-06,0.0260619856136316
0.971772816656152,0.0021140991431585,5.06663919917576e-06,0.0261080175614902
0.971729945957526,0.00209945895611937,5.05614708777362e-06,0.0261655389392671
0.971680591281849,0.00208384836614239,5.04504173381692e-06,0.0262305153102744
0.971629772001383,0.00206802373032961,5.03370041349002e-06,0.0262971705678738
0.971578767858384,0.00205229192015576,5.02233938580757e-06,0.0263639178820746
0.971524609251004,0.00203683562231211,5.01137756425684e-06,0.0264335437491191
0.971467130248747,0.00202192666821111,5.00112194795436e-06,0.0265059419610935
0.971408591549535,0.0020074608013291,4.99129788417593e-06,0.0265789563512522
0.971350594483405,0.0019931889815032,4.98152077390568e-06,0.0266512350143181
0.971295236377834,0.0019792205629149,4.97175458574654e-06,0.0267205713046652
0.97124357920106,0.001965666486496,4.96204725897521e-06,0.0267857922651847
0.971194915858342,0.00195242877048648,4.9523557328471e-06,0.0268477030154381
0.971145669014747,0.00193927713677694,4.94270304632699e-06,0.0269101111454299
0.971089498680216,0.00192606762943488,4.93339716780239e-06,0.0269795002931815
0.971024894542836,0.00191275063220323,4.92448238182983e-06,0.0270574303425791
0.97095770437483,0.00189916334626382,4.9153427352106e-06,0.0271382169361716
0.970893172629922,0.00188501579917012,4.9052717784031e-06,0.0272169062991296
0.970830134784356,0.00186986732012977,4.8938471239107e-06,0.0272951040483901
0.970763204044567,0.00185343869638278,4.88110833472359e-06,0.0273784761507155
0.970689571791363,0.00183609924730001,4.86763384320352e-06,0.0274694613274934
0.97061202905766,0.00181867921396983,4.85414862493229e-06,0.0275644375797451
0.970532659758015,0.00180173155581902,4.84113933872799e-06,0.0276607675468276
0.970452147497501,0.00178524851883481,4.82855899449029e-06,0.0277577754246695
0.970373928580816,0.00176884067620879,4.81572743785566e-06,0.0278524150155379
0.970295643677967,0.00175200779499666,4.80221617990516e-06,0.0279475463108569
0.970208261578022,0.0017344735712399,4.78828753750065e-06,0.0280524765632006
0.970109398690962,0.00171628972552565,4.77412436479158e-06,0.0281695374591477
0.970008212160946,0.00169788124785152,4.75959610669712e-06,0.0282891469950955
0.96991740557654,0.00167987477562888,4.74462836724687e-06,0.028397975019464
0.969840564394765,0.00166258312348867,4.72940324894485e-06,0.0284921230784969
0.969771150937484,0.00164596497268677,4.71432936294121e-06,0.0285781697604661
0.96970194754084,0.00162982841375858,4.69965203887449e-06,0.0286635243933626
0.969631380074429,0.00161390220042602,4.68513569474847e-06,0.0287500325894507
0.969565892375796,0.00159811637839418,4.67028337862742e-06,0.0288313209624317
0.969516095250395,0.0015827217399799,4.65476000263482e-06,0.028896528249623
0.969485981437232,0.00156805330114184,4.63878086008607e-06,0.0289413264807661
0.969465509322353,0.00155431771800732,4.62327797992042e-06,0.0289755496816597
0.969446088943658,0.00154166384253508,4.60900488731278e-06,0.0290076382089193
0.969435142471989,0.00153007517772867,4.59550082411202e-06,0.0290301868494585
0.969436067123242,0.00151916465025599,4.58206946400904e-06,0.0290401861570383
0.969437302531904,0.00150851629171802,4.56889307904727e-06,0.0290496122832986
0.969430368939688,0.00149793114692863,4.55623597393095e-06,0.0290671436774092
0.969419172050743,0.00148729744195009,4.54370367828493e-06,0.0290889868036284
0.969410404108309,0.00147657491333073,4.53082900085721e-06,0.0291084901493592
0.969402879824033,0.0014657995168397,4.5177380374459e-06,0.0291268029210895
0.96938821843477,0.00145489193987605,4.50483356025258e-06,0.0291523847917936
0.969360888671716,0.00144360736464007,4.49210280957884e-06,0.0291910118608342
0.969324240089794,0.00143185936710863,4.47919923687464e-06,0.0292394213438597
0.969283140493157,0.00141998206344967,4.4662657810095e-06,0.0292924111776122
0.969236472020974,0.00140844920825552,4.454016790155e-06,0.0293506247539805
0.969183528178082,0.00139751603676555,4.44285730102324e-06,0.0294145129278517
0.969129964971862,0.00138730861761576,4.43264605471591e-06,0.0294782937644672
0.96907645090895,0.00137773795843984,4.42323766002856e-06,0.0295413878949504
0.969013089239157,0.00136834010317874,4.41456627193099e-06,0.0296141560913917
0.968931944806358,0.00135869258905831,4.4064906390765e-06,0.0297049561139451
0.968831592466942,0.00134879765362735,4.39908066378368e-06,0.0298152107987668
0.968714145157583,0.00133887467980881,4.39250538688718e-06,0.0299425876572213
0.968587278361273,0.00132906341197861,4.38650312872424e-06,0.0300792717236204
0.96845888161464,0.00131939180797858,4.38065235246575e-06,0.0302173459250291
0.968334819843957,0.00130991391280307,4.3747006987088e-06,0.030350891542541
0.968220372163181,0.00130066254696545,4.36840945803669e-06,0.0304745968803959
0.96811322107816,0.00129147763216941,4.3616814449284e-06,0.0305909396082258
0.968007242172953,0.00128225917665929,4.35471511449806e-06,0.0307061439352735
0.967897947130796,0.00127320019182561,4.34805479084026e-06,0.0308245046225878
0.96778253318902,0.00126448907225758,4.34214075836726e-06,0.0309486355979642
0.967661157498983,0.00125605038602684,4.33684720157929e-06,0.0310784552677883
0.967533700582005,0.00124773796011768,4.33195807293977e-06,0.0312142294998036
0.967401310424418,0.00123955708320939,4.32741976622184e-06,0.0313548050726067
0.967266607532452,0.00123152020493909,4.32310758070367e-06,0.0314975491550287
0.967128771124702,0.00122355113792676,4.31894696174139e-06,0.0316433587904092
0.966985631480684,0.00121562086075006,4.31501018170316e-06,0.0317944326483844
0.96683671870035,0.00120768464624215,4.31124968743899e-06,0.0319512854037207
0.966681204155558,0.001199585517878,4.30745024519568e-06,0.0321149028763186
0.966517760661125,0.00119115537130694,4.30339496766901e-06,0.0322867805726005
0.96634565092584,0.00118231318877628,4.29897035277887e-06,0.032467736915031
0.966165875795379,0.00117316953410803,4.29428503654577e-06,0.0326566603854762
0.965986730400843,0.00116408870204036,4.28950037034424e-06,0.0328448913967461
