0.344991037,0.488227022,0.034200997,0.132580943
0.345044731,0.488150511,0.034201471,0.132603287
0.345105081,0.488062288,0.034204551,0.13262808
0.345185748,0.487954007,0.034208245,0.132652
0.345281236,0.487836432,0.034210636,0.132671696
0.345379379,0.487720127,0.034212053,0.13268844
0.345478444,0.487600443,0.034214753,0.132706361
0.34558259,0.487470011,0.034220289,0.13272711
0.345690056,0.487332127,0.034228527,0.13274929
0.345792329,0.487199499,0.034238398,0.132769773
0.345878985,0.487086289,0.034247948,0.132786778
0.345944668,0.486995197,0.034256272,0.132803863
0.345993287,0.4869149,0.034266083,0.13282573
0.346035291,0.486833083,0.034279965,0.132851661
0.346079372,0.486744545,0.034296206,0.132879877
0.346127894,0.486648653,0.034311887,0.132911566
0.346178197,0.486551126,0.034326276,0.132944401
0.346221972,0.486463582,0.034338915,0.132975531
0.346251147,0.486389838,0.034349037,0.133009978
0.346266796,0.486321745,0.034357498,0.133053961
0.34627289,0.486253645,0.034365766,0.1331077
0.346270242,0.486185879,0.034374354,0.133169525
0.346261698,0.486116559,0.034382912,0.133238832
0.346253428,0.486042446,0.034390831,0.133313294
0.346246365,0.485961578,0.034397533,0.133394525
0.346235525,0.485869684,0.034403119,0.133491671
0.346221637,0.485760066,0.034409695,0.133608602
0.346210588,0.485632317,0.03441967,0.133737424
0.346205427,0.4854935,0.034431854,0.133869219
0.346204537,0.485348507,0.034443051,0.134003905
0.346202767,0.4851992,0.034452327,0.134145705
0.346195249,0.485048457,0.034459985,0.134296309
0.34618631,0.484894684,0.03446602,0.134452987
0.346188774,0.484730589,0.034470429,0.134610209
0.346207839,0.484552959,0.034472995,0.134766207
0.346237279,0.484366143,0.034473485,0.134923092
0.346268245,0.484177608,0.034472208,0.135081939
0.346295349,0.483992003,0.034470182,0.135242466
0.346318479,0.483809529,0.034468398,0.135403593
0.346340058,0.483630952,0.034466623,0.135562368
0.346362175,0.483455725,0.034465057,0.135717042
0.346383381,0.483280699,0.034465853,0.135870066
0.346400352,0.483105949,0.034470042,0.136023657
0.346414373,0.482932574,0.034475978,0.136177075
0.346431078,0.482757584,0.03448207,0.136329268
0.346453718,0.482575877,0.034488584,0.136481821
0.346476923,0.482388954,0.034495864,0.136638259
0.34649626,0.482200138,0.034503356,0.136800246
0.346516289,0.482008418,0.03451062,0.136964673
0.346538435,0.481819531,0.034516939,0.137125095
0.346560045,0.481638653,0.034521551,0.137279752
0.346579361,0.481461639,0.034525279,0.137433721
0.34659107,0.481288228,0.034530207,0.137590494
0.346591077,0.481123685,0.034537648,0.13774759
0.346583802,0.480968386,0.034547263,0.137900549
0.346576316,0.480815036,0.034558108,0.138050541
0.346569018,0.480656165,0.034570247,0.138204571
0.346559162,0.480492848,0.034583944,0.138364046
0.346545901,0.480329697,0.034598226,0.138526176
0.346525272,0.480166848,0.034613237,0.138694643
0.346495758,0.479998855,0.03463149,0.138873896
0.346465549,0.479817741,0.034654856,0.139061854
0.346441881,0.479622805,0.034683016,0.139252298
0.346423837,0.479421481,0.034714613,0.139440068
0.346406948,0.47922164,0.03474752,0.139623892
0.346385731,0.479031153,0.034779585,0.139803532
0.346354443,0.478856217,0.034810658,0.139978682
0.346313651,0.478692207,0.034842222,0.14015192
0.346271478,0.478529937,0.034874282,0.140324302
0.346233012,0.478370262,0.034905197,0.14049153
0.346196213,0.478218105,0.034934778,0.140650904
0.34615665,0.478075422,0.034963536,0.140804392
0.346112272,0.477939049,0.034991274,0.140957404
0.346065749,0.477798487,0.035018706,0.141117057
0.346021474,0.477644494,0.035047491,0.141286541
0.345978717,0.47747903,0.035079394,0.141462859
0.345930683,0.477311234,0.035115741,0.141642342
0.345877509,0.477143076,0.035156019,0.141823396
0.345825044,0.476974863,0.035197458,0.142002635
0.345768548,0.47681568,0.035237252,0.14217852
0.345703876,0.476664956,0.035275069,0.142356099
0.345634341,0.476515172,0.035311969,0.142538517
0.345563375,0.476365805,0.035348368,0.142722452
0.345497776,0.476212999,0.035384546,0.142904679
0.345439266,0.476053614,0.035421403,0.143085717
0.34538286,0.475887863,0.03546034,0.143268937
0.345327779,0.475713361,0.035502323,0.143456537
0.345280287,0.475526927,0.035547029,0.143645757
0.345248278,0.475328069,0.035593244,0.143830409
0.345229256,0.4751248,0.035639186,0.144006758
0.345214547,0.474925754,0.035683478,0.144176221
0.345203119,0.474729911,0.035726299,0.144340671
0.345198864,0.474531893,0.035768011,0.144501232
0.345207876,0.474326287,0.035807668,0.144658169
0.345234749,0.474112741,0.035843966,0.144808544
0.34527626,0.473895026,0.035877038,0.144951676
0.345327301,0.473673549,0.035908221,0.14509093
0.345384856,0.473449662,0.035938196,0.145227286
0.345442521,0.473230896,0.035967543,0.14535904
0.345494869,0.473019808,0.035998286,0.145487037
0.345541526,0.472811657,0.036032161,0.145614655
0.345582163,0.472605095,0.036069171,0.145743571
0.345619952,0.47239809,0.03610807,0.145873888
0.345660396,0.472185913,0.036148391,0.146005299
0.345704488,0.471962313,0.036193464,0.146139736
0.345745863,0.471722588,0.036247843,0.146283706
0.345778568,0.471468725,0.036311731,0.146440975
0.345807083,0.47120414,0.036381149,0.146607628
0.345838208,0.470931516,0.036452099,0.146778177
0.345871566,0.470656514,0.036522468,0.146949452
0.345900518,0.470389769,0.036591971,0.147117742
0.345919713,0.47013962,0.036661778,0.147278889
0.345933185,0.469900863,0.036733114,0.147432838
0.34594757,0.469665358,0.036805661,0.147581412
0.345960582,0.469436174,0.036877399,0.147725845
0.345970505,0.469212916,0.036946668,0.147869912
0.345983803,0.468986714,0.037013321,0.148016162
0.34600439,0.468756455,0.037077427,0.148161729
0.346029444,0.468526181,0.037139049,0.148305326
0.346055471,0.468293918,0.037198837,0.148451773
0.346083719,0.468054001,0.037257247,0.148605033
0.34611888,0.467804486,0.037313591,0.148763043
0.346165886,0.467546773,0.037367352,0.148919989
0.346223403,0.467282146,0.037419818,0.149074633
0.346287524,0.467009862,0.03747215,0.149230464
0.346360692,0.4667298,0.037523668,0.149385839
0.346438947,0.466451951,0.037573304,0.149535798
0.346510437,0.46618936,0.037621217,0.149678987
0.346575696,0.465938841,0.037668408,0.149817055
0.346640313,0.465692349,0.037714855,0.149952484
0.346701371,0.465455186,0.037758817,0.150084627
0.346761766,0.465230279,0.037798886,0.150209069
0.346828537,0.465005183,0.037836624,0.150329656
0.34689217,0.464776586,0.037874713,0.150456532
0.346936325,0.464566156,0.037912789,0.15058473
0.34696866,0.464386788,0.037948209,0.150696343
0.347011655,0.464224371,0.0379788,0.150785174
0.34707403,0.464057911,0.038005276,0.150862783
0.347150971,0.463873607,0.038031948,0.150943474
0.347231183,0.463673166,0.038061757,0.151033893
0.347307763,0.463465904,0.038093308,0.151133025
0.347388528,0.463253341,0.038123829,0.151234302
0.347480284,0.463034004,0.03815225,0.151333462
0.347577189,0.462805129,0.038180393,0.151437288
0.347672731,0.462563603,0.038210869,0.151552797
0.347771819,0.462310047,0.038243386,0.151674748
0.347883689,0.462044968,0.038275615,0.151795728
0.348005082,0.461770709,0.038306724,0.151917485
0.348127091,0.461492623,0.038336987,0.152043299
0.348247594,0.461217082,0.038365612,0.152169713
0.348363736,0.460950858,0.03839155,0.152293856
0.348469264,0.460697929,0.038414742,0.152418065
0.34856332,0.460457618,0.03843562,0.152543442
0.348651862,0.460224355,0.03845541,0.152668372
0.348739809,0.459991113,0.038476134,0.152792943
0.348825581,0.459755809,0.038499317,0.152919293
0.348905567,0.459519484,0.038525753,0.153049196
0.348977217,0.459284784,0.038555478,0.15318252
0.349042918,0.459051975,0.038587292,0.153317815
0.349112559,0.458815064,0.038619198,0.15345318
0.349192238,0.458571435,0.038649994,0.153586332
0.349279969,0.45832287,0.03868009,0.15371707
0.34936965,0.458072021,0.038710294,0.153848035
0.349456461,0.457822056,0.038741572,0.153979912
0.349540103,0.457572349,0.038775541,0.154112006
0.349623516,0.457317748,0.038812654,0.154246082
0.3497173,0.457049712,0.038850455,0.154382533
0.349832078,0.456761971,0.038886138,0.154519814
0.349962132,0.456459927,0.038919351,0.15465859
0.350099774,0.456150912,0.038951253,0.154798062
0.35025254,0.455831801,0.038983634,0.154932026
0.350426508,0.45550107,0.039017652,0.15505477
0.350617791,0.45516498,0.039052361,0.155164868
0.350818761,0.454829055,0.039086228,0.155265956
0.351021704,0.454495491,0.039118535,0.15536427
0.351224249,0.45416618,0.039149039,0.155460533
0.351428207,0.453840884,0.039177801,0.155553107
0.351634068,0.453516263,0.039205117,0.155644553
0.351839681,0.453189109,0.039232232,0.155738977
0.352041481,0.452857503,0.039261078,0.155839938
0.352240562,0.452522244,0.03929148,0.155945714
0.352443684,0.452185048,0.039321299,0.156049969
0.352650884,0.451849144,0.039349554,0.156150418
0.352854454,0.451524609,0.03937592,0.156245017
0.353046623,0.451226418,0.039398816,0.156328143
0.353220171,0.450964749,0.039416948,0.156398131
0.353376288,0.450733163,0.039431248,0.156459301
0.353522284,0.450519043,0.039442978,0.156515694
0.3536571,0.45032498,0.039451109,0.156566811
0.353780601,0.450157046,0.039454422,0.156607932
0.353898565,0.450011538,0.039453602,0.156636295
0.354017171,0.449876836,0.039450262,0.156655731
0.354145666,0.449737647,0.039445907,0.15667078
0.354285349,0.449589915,0.039440805,0.156683931
0.354427704,0.449438916,0.039434709,0.156698671
0.35457015,0.449285773,0.039427821,0.156716256
0.354716821,0.449129803,0.039419883,0.156733493
0.354867449,0.448973428,0.039410667,0.156748456
0.355017458,0.448821721,0.03940039,0.15676043
0.355164901,0.448680753,0.039388278,0.156766068
0.355307323,0.448554106,0.03937414,0.156764431
0.355445253,0.44843566,0.039360063,0.156759023
0.35558692,0.448311913,0.039347469,0.156753697
0.355735285,0.448178337,0.039335899,0.156750479
0.355884509,0.448042638,0.039324495,0.156748358
0.356031173,0.447911741,0.039312531,0.156744555
0.356176291,0.447786321,0.03929952,0.156737868
0.356319665,0.447665992,0.039285323,0.15672902
0.356460023,0.447550785,0.039270146,0.156719046
0.356599368,0.447436986,0.039254131,0.156709515
0.356738403,0.447324242,0.03923734,0.156700015
0.356875135,0.447218811,0.039219584,0.15668647
0.357013975,0.447119409,0.039200657,0.156665959
0.357160102,0.447018189,0.039182123,0.156639586
0.357310834,0.446911131,0.039166221,0.156611813
0.357461692,0.44679862,0.03915316,0.156586529
0.357612668,0.446682801,0.039141882,0.156562649
0.357766731,0.446563895,0.039132051,0.156537323
0.35792511,0.446441653,0.039123623,0.156509615
0.358085699,0.446321222,0.039115239,0.15647784
0.358242088,0.446214505,0.039104971,0.156438436
0.358383684,0.446131108,0.039092801,0.156392407
0.358509801,0.446062968,0.039080145,0.156347087
0.358632792,0.44599456,0.039066923,0.156305725
0.358755946,0.445926314,0.03905242,0.15626532
0.358872604,0.445864484,0.039037742,0.15622517
0.358981225,0.445805239,0.03902503,0.156188506
0.359085582,0.445741216,0.039015104,0.156158098
0.359185082,0.445675412,0.039007101,0.156132405
0.359271231,0.445618659,0.039000972,0.156109138
0.359342241,0.445569949,0.038997885,0.156089924
0.359409951,0.445515383,0.038998329,0.156076338
0.359483317,0.445448283,0.039001592,0.156066808
0.359564892,0.445372498,0.039006249,0.156056361
0.359657702,0.445291008,0.039011826,0.156039465
0.359757304,0.445207389,0.039019916,0.15601539
0.359854254,0.445126254,0.039032024,0.155987468
0.359946771,0.445045851,0.039047964,0.155959414
0.360041082,0.444961733,0.039066317,0.155930867
0.360144056,0.444875367,0.03908441,0.155896167
0.360257829,0.444791258,0.039099821,0.155851093
0.360379695,0.4447078,0.039113067,0.155799438
0.360509561,0.44461783,0.039125666,0.155746942
0.360652945,0.444518846,0.039136885,0.155691323
0.360811531,0.444410978,0.039146715,0.155630776
0.360981414,0.444291392,0.039157032,0.155570162
0.361161554,0.44415942,0.039167678,0.155511348
0.361352889,0.444016645,0.039177937,0.155452529
0.361549659,0.443867455,0.039189533,0.155393352
0.361741027,0.443721826,0.039204072,0.155333075
0.361919918,0.443588704,0.039221646,0.155269732
0.362085878,0.443464578,0.039243044,0.155206499
0.362237869,0.443341988,0.039269682,0.155150461
0.362370844,0.443225619,0.039301563,0.155101974
0.362489696,0.443118244,0.039336471,0.155055589
0.362606439,0.443015181,0.039371863,0.155006517
0.362722861,0.442915324,0.039407754,0.154954061
0.36283711,0.442816877,0.039444645,0.154901368
0.362951612,0.442717707,0.039481413,0.154849268
0.363067805,0.442619026,0.039517512,0.154795657
0.363184839,0.44252131,0.039553419,0.154740432
0.363301109,0.442425034,0.039588974,0.154684883
0.363415156,0.442331054,0.039623407,0.154630383
0.363527431,0.442237202,0.039656114,0.154579253
0.363640677,0.442141177,0.039686552,0.154531594
0.363760938,0.442039858,0.039714957,0.154484247
0.363891839,0.441930829,0.039742403,0.15443493
0.36402603,0.441819523,0.039769732,0.154384714
0.364154537,0.441713655,0.039797349,0.154334459
0.364278061,0.44161592,0.039824579,0.15428144
0.364402357,0.441524007,0.039850238,0.154223398
0.364529479,0.441433808,0.039874946,0.154161768
0.364654844,0.441348153,0.039900166,0.154096838
0.364774898,0.441274461,0.039925084,0.154025557
0.36489369,0.441209472,0.039948416,0.153948422
0.36501748,0.441138011,0.039972573,0.153871937
0.365145758,0.441053051,0.040001318,0.153799873
0.365271343,0.440966024,0.040034286,0.153728348
0.365391745,0.440888251,0.040067186,0.153652818
0.365511236,0.440818514,0.040096847,0.153573404
0.36563377,0.440749281,0.040123788,0.153493161
0.365758721,0.44067544,0.040150176,0.153415662
0.365880845,0.440597332,0.040177662,0.15334416
0.365998161,0.440513785,0.04020689,0.153281165
0.366113835,0.440422199,0.040237449,0.153226517
0.366228998,0.4403261,0.040268105,0.153176797
0.366341724,0.440232211,0.040297641,0.153128424
0.366452274,0.440142122,0.04032569,0.153079914
0.366564124,0.44005186,0.040352463,0.153031553
0.366678018,0.439959455,0.040378013,0.152984515
0.36678866,0.43986818,0.040402588,0.152940572
0.366891174,0.439777573,0.04042783,0.152903424
0.366985105,0.439681666,0.040456162,0.152877068
0.367071778,0.439579162,0.0404882,0.15286086
0.367151901,0.439475023,0.040522146,0.15285093
0.367222684,0.439375736,0.040556455,0.152845126
0.367281301,0.439285805,0.04059121,0.152841684
0.367330369,0.439203586,0.040626785,0.15283926
0.367374717,0.439125773,0.040662495,0.152837014
0.367416937,0.439051584,0.040697601,0.152833879
0.367457403,0.438977124,0.040733299,0.152832174
0.367496126,0.438898302,0.04077128,0.152834292
0.36753368,0.438814254,0.040812093,0.152839973
0.367568816,0.438727179,0.04085518,0.152848824
0.367600117,0.438641231,0.040899064,0.152859588
0.367626064,0.438560193,0.040943236,0.152870507
0.367641887,0.438488689,0.040988691,0.152880733
0.367646953,0.438428132,0.041035612,0.152889303
0.367646834,0.438373791,0.041083291,0.152896084
0.367645997,0.438318354,0.041131731,0.152903918
0.367641405,0.438262786,0.041180545,0.152915264
0.367624896,0.438217936,0.041228149,0.152929019
0.367597419,0.438187618,0.041273949,0.152941014
0.367568699,0.438164195,0.041319157,0.152947949
0.367543111,0.438138152,0.041365016,0.152953721
0.367514871,0.438106928,0.041411681,0.152966521
0.367473826,0.438077934,0.04145861,0.15298963
0.367416111,0.438059178,0.041505323,0.153019388
0.367347595,0.438052614,0.04155081,0.153048981
0.367275382,0.438057128,0.04159421,0.15307328
0.367202171,0.438069899,0.041636563,0.153091367
0.367128176,0.438087073,0.041679371,0.15310538
0.367050514,0.438109656,0.041722824,0.153117006
0.366962834,0.438145367,0.041765978,0.153125821
0.366860347,0.438198516,0.041807854,0.153133283
0.366745347,0.438262177,0.041848548,0.153143928
0.366624662,0.438328603,0.041888637,0.153158098
0.366502746,0.438396215,0.041928291,0.153172748
0.366381137,0.438462487,0.04196759,0.153188786
0.366258933,0.438528064,0.042006134,0.153206869
0.366133446,0.438598489,0.042043137,0.153224928
0.366004091,0.438673483,0.042079049,0.153243376
0.365872336,0.438745965,0.04211529,0.153266408
0.365738335,0.438812319,0.042152059,0.153297287
0.365601107,0.43887571,0.042188327,0.153334856
0.365461883,0.438939925,0.042223699,0.153374494
0.365327663,0.439002132,0.0422584,0.153411806
0.365207033,0.439055737,0.042292378,0.153444853
0.365100741,0.439099906,0.04232573,0.153473624
0.36500082,0.43913737,0.042359251,0.153502559
0.364902812,0.439169362,0.042392752,0.153535074
0.364815017,0.439196014,0.04242386,0.153565109
0.364744778,0.439219328,0.042450691,0.153585204
0.364687391,0.439243042,0.042473839,0.153595728
0.364634519,0.439268861,0.042494772,0.153601849
0.364583431,0.439294044,0.042514644,0.153607882
0.364536385,0.439314639,0.042534793,0.153614183
0.364492381,0.439332349,0.042556499,0.15361877
0.364449241,0.439350355,0.042579972,0.153620432
0.364409826,0.43936697,0.04260423,0.153618974
0.364376069,0.439381651,0.0426279,0.15361438
0.364345475,0.439398398,0.042650032,0.153606096
0.364314666,0.439420637,0.042670297,0.1535944
0.364282383,0.439447549,0.042689002,0.153581066
0.364251903,0.439474335,0.042707018,0.153566744
0.364228003,0.439495394,0.042725151,0.153551453
0.364211203,0.439508553,0.04274377,0.153536473
0.364196512,0.439517834,0.042762775,0.153522879
0.364181722,0.439526417,0.042781789,0.153510073
0.364171009,0.439530457,0.042801138,0.153497397
0.364160117,0.439532276,0.042821707,0.153485901
0.364135454,0.43954413,0.042843659,0.153476756
0.364091744,0.439570153,0.042867452,0.153470651
0.364035388,0.439601983,0.042894935,0.153467694
0.363971772,0.439635749,0.042927046,0.153465433
0.363900443,0.439677009,0.04296222,0.153460328
0.363825594,0.439723825,0.042998758,0.153451823
0.363749807,0.439772532,0.043035656,0.153442005
0.363664438,0.439832022,0.043071351,0.153432188
0.363565077,0.439907883,0.043105597,0.153421444
0.363455745,0.439994835,0.043140803,0.153408617
0.363336748,0.440092153,0.043179654,0.153391445
0.363203754,0.440206216,0.043223574,0.153366456
0.363056735,0.440336705,0.043272962,0.153333598
0.362904174,0.440474319,0.043326636,0.153294871
0.362756506,0.440609387,0.043382146,0.15325196
0.362616561,0.44073912,0.043437312,0.153207007
0.362481471,0.440865502,0.043491211,0.153161815
0.362350572,0.440988047,0.043544277,0.153117103
0.362224193,0.44110487,0.043597524,0.153073414
0.36210096,0.441215796,0.043651506,0.153031737
0.361979186,0.441322103,0.043706305,0.152992405
0.361857626,0.441424723,0.043762482,0.15295517
0.361734895,0.44152587,0.043820541,0.152918694
0.361609105,0.441630518,0.043879592,0.152880785
0.361479273,0.441741962,0.043937985,0.15284078
0.36134818,0.441858,0.043994892,0.152798929
0.361219215,0.441974552,0.04405068,0.152755554
0.361092159,0.44209101,0.044105398,0.152711433
0.360966634,0.442208,0.04415831,0.152667056
0.36084079,0.442329651,0.044208874,0.152620686
0.360711489,0.442460736,0.044257327,0.152570448
0.36057816,0.442598881,0.044305217,0.152517743
0.360440772,0.442741957,0.044353399,0.152463872
0.36030028,0.442889346,0.044401481,0.152408892
0.360157663,0.443037507,0.044449784,0.152355045
0.360010768,0.443182948,0.044498585,0.152307698
0.35985608,0.443327976,0.044546944,0.152269001
0.359694251,0.443478707,0.044593333,0.152233708
0.35953185,0.443633775,0.044637259,0.152197116
0.359375239,0.443785091,0.044679244,0.152160426
0.359224863,0.443929321,0.04471973,0.152126086
0.359075096,0.444072685,0.044759366,0.152092853
0.358920016,0.444222311,0.044799045,0.152058628
0.35875964,0.444376535,0.044838824,0.152025
0.3585986,0.444529279,0.04487803,0.151994091
0.358439766,0.444678856,0.044916713,0.151964666
0.358281868,0.44482759,0.044955504,0.151935038
0.358123288,0.444977651,0.044994146,0.151904915
0.357960773,0.445134573,0.045031814,0.151872841
0.357789735,0.445304247,0.045068924,0.151837095
0.357612856,0.445480922,0.045107137,0.151799085
0.357435066,0.445657906,0.045146826,0.151760203
0.357254853,0.445839504,0.0451862,0.151719443
0.357072689,0.44602455,0.0452242,0.151678561
0.356894794,0.446202112,0.045260985,0.151642108
0.356724869,0.446365602,0.045296178,0.151613351
0.35656349,0.446516162,0.045329441,0.151590907
0.356411277,0.446656828,0.045361117,0.151570777
0.35626371,0.44679048,0.045392084,0.151553726
0.356115195,0.446920758,0.045423572,0.151540474
0.355969636,0.447047111,0.045456632,0.15152662
0.355832038,0.44716663,0.045491637,0.151509696
0.355700644,0.4472807,0.045528161,0.151490495
0.355571266,0.447394252,0.045565129,0.151469354
0.355437058,0.447516652,0.04560112,0.15144517
0.355291196,0.44765622,0.045635668,0.151416915
0.355136858,0.447808012,0.045669643,0.151385488
0.354984617,0.447962327,0.045702689,0.151350367
0.354839613,0.448117486,0.045733679,0.151309221
0.354698897,0.448274513,0.045763792,0.151262799
0.354559372,0.448432369,0.045794381,0.151213879
0.354424719,0.448587049,0.045824754,0.151163477
0.354299228,0.448734687,0.045854001,0.151112084
0.354179459,0.448877519,0.045882342,0.15106068
0.354057695,0.449022824,0.045911013,0.151008468
0.353928876,0.449176462,0.045940801,0.150953861
0.353793791,0.449337654,0.045971234,0.15089732
0.353654001,0.449505621,0.046000878,0.1508395
0.353508748,0.449681995,0.046028464,0.150780793
0.353360702,0.44986093,0.046054589,0.150723779
0.353211756,0.450039949,0.046080004,0.150668291
0.353059165,0.450229647,0.046103215,0.150607973
0.352905357,0.450433919,0.046122698,0.150538026
0.352754267,0.450645762,0.0461391,0.150460871
0.352599774,0.450865092,0.046153114,0.150382019
0.352435013,0.451096649,0.046164253,0.150304085
0.352260677,0.451339835,0.04617299,0.150226498
0.352080517,0.451589978,0.04618115,0.150148354
0.351898215,0.451842398,0.046189764,0.150069622
0.351712952,0.452098775,0.046198072,0.149990201
0.351524071,0.452359624,0.046205324,0.149910981
0.351332286,0.452620261,0.046212005,0.149835448
0.351135817,0.452880336,0.046218258,0.149765589
0.350938307,0.45313901,0.046223482,0.149699201
0.350743661,0.453394889,0.046227786,0.149633664
0.350547868,0.453650998,0.046232438,0.149568696
0.350346501,0.453911188,0.046238259,0.149504052
0.350141283,0.454175392,0.046244357,0.149438967
0.349937319,0.45443919,0.046249615,0.149373876
0.349734578,0.454701397,0.04625438,0.149309645
0.349533009,0.454960923,0.046259365,0.149246702
0.34933943,0.45521157,0.046264422,0.149184578
0.349157403,0.455451377,0.046269142,0.149122079
0.348982207,0.45568536,0.046273072,0.149059362
0.348807736,0.455917114,0.046275821,0.14899933
0.348632254,0.456145791,0.046277504,0.148944451
0.348457968,0.456370181,0.046278434,0.148893416
0.348286865,0.456591196,0.04627886,0.14884308
0.348116756,0.4568132,0.046278961,0.148791082
0.347943738,0.457040977,0.04627891,0.148736374
0.347768905,0.457272982,0.046278608,0.148679505
0.347595361,0.457505992,0.046278117,0.14862053
0.347419755,0.45774353,0.046278551,0.148558164
0.34723399,0.457993915,0.046279894,0.148492201
0.347032381,0.458263798,0.046280196,0.148423625
0.34681888,0.458547953,0.046279035,0.148354131
0.346600971,0.458837024,0.046277409,0.148284596
0.3463786,0.459131894,0.046275103,0.148214403
0.346152536,0.459431304,0.046271734,0.148144426
0.345927041,0.459729379,0.046267652,0.148075929
0.345702015,0.46002487,0.046263551,0.148009564
0.345472272,0.460320476,0.046260147,0.147947105
0.34523615,0.460618209,0.046257083,0.147888558
0.344995174,0.46092004,0.046253512,0.147831274
0.34474517,0.461230589,0.046249517,0.147774723
0.344484167,0.461547408,0.046245772,0.147722652
0.344216644,0.461863427,0.04624228,0.147677649
0.343946113,0.462177994,0.046238842,0.14763705
0.343674456,0.462492098,0.046235894,0.147597553
0.343406365,0.462802612,0.046233234,0.147557789
0.343146827,0.463106213,0.046230176,0.147516784
0.342890586,0.463409482,0.046226456,0.147473477
0.342630928,0.463719057,0.046222057,0.147427959
0.342375553,0.464023801,0.04621711,0.147383535
0.342133364,0.464311522,0.046211233,0.147343881
0.341902383,0.464585691,0.046204963,0.147306963
0.34167356,0.46485725,0.046200522,0.147268668
0.341435189,0.465134693,0.046198651,0.147231467
0.341182355,0.465420002,0.046197827,0.147199816
0.340921506,0.465709363,0.046196238,0.147172893
0.340659932,0.465999044,0.046193204,0.147147821
0.340398358,0.466289751,0.046188692,0.147123199
0.340137664,0.466582237,0.046182333,0.147097766
0.339882351,0.466872596,0.046174276,0.147070777
0.339634491,0.467157796,0.046164861,0.147042852
0.339390506,0.467442969,0.046153566,0.14701296
0.339147417,0.46773263,0.046139673,0.14698028
0.338907746,0.468018994,0.046123634,0.146949625
0.33867295,0.468294048,0.046106953,0.146926049
0.338438738,0.46856311,0.046090066,0.146908087
0.338201223,0.468832144,0.046072318,0.146894316
0.337959675,0.469100113,0.046053868,0.146886344
0.337714864,0.469367402,0.046035292,0.146882443
0.337469809,0.469634459,0.046016634,0.146879097
0.337226541,0.469900663,0.045997717,0.14687508
0.336984216,0.470166311,0.045978821,0.146870652
0.336743888,0.47042764,0.045960968,0.146867504
0.336507604,0.470679658,0.045945011,0.146867728
0.33627482,0.47092527,0.045930087,0.146869822
0.336045503,0.471171986,0.045914262,0.14686825
0.335823409,0.471420808,0.045896948,0.146858835
0.335614325,0.47166706,0.045878215,0.1468404
0.335420855,0.471906912,0.045857623,0.14681461
0.335238606,0.472140226,0.045835347,0.146785821
0.33506039,0.472371034,0.045812023,0.146756554
0.334884022,0.47260141,0.045788168,0.1467264
0.334709262,0.472832725,0.04576454,0.146693474
0.33453098,0.473073246,0.045741808,0.146653966
0.334342789,0.473328618,0.045720835,0.146607758
0.334145221,0.473590194,0.045702809,0.146561776
0.333944122,0.473846204,0.045688272,0.146521402
0.333744382,0.474094244,0.045676381,0.146484992
0.333550603,0.474335271,0.045664855,0.146449271
0.333364715,0.474568259,0.045652362,0.146414664
0.333184219,0.474793167,0.045639902,0.146382713
0.333005233,0.475013032,0.045628676,0.146353059
0.332823176,0.475232961,0.045618922,0.146324941
0.33263569,0.475456389,0.045609895,0.146298026
0.332443736,0.475684677,0.045600656,0.146270931
0.332247717,0.475918337,0.045591886,0.14624206
0.332049671,0.476153714,0.045585323,0.146211292
0.331853104,0.476385932,0.045580985,0.14617998
0.331653617,0.476618761,0.045576972,0.14615065
0.331442365,0.47686229,0.045572343,0.146123002
0.331218136,0.477121349,0.045567528,0.146092987
0.330986693,0.477393587,0.045562146,0.146057573
0.330753168,0.477673946,0.045555453,0.146017434
0.330518335,0.477955795,0.045548269,0.1459776
0.330281573,0.478234175,0.045541211,0.145943041
0.330046065,0.478508494,0.045532997,0.145912444
0.329817925,0.478777429,0.045523019,0.145881626
0.329597858,0.479039955,0.045512947,0.145849241
0.329380467,0.479297132,0.045505108,0.145817293
0.329162032,0.479548527,0.045500062,0.14578938
0.328940028,0.479798085,0.045495985,0.145765901
0.328714182,0.480048961,0.045492097,0.14574476
0.328484992,0.480296907,0.045490691,0.145727409
0.328248979,0.48054404,0.045492961,0.145714021
0.328005783,0.480798793,0.045496232,0.145699192
0.327761078,0.481058577,0.045498111,0.145682234
0.327516809,0.481315428,0.045499659,0.145668105
0.327270404,0.48156767,0.045502634,0.145659292
0.327022474,0.481814321,0.045506954,0.145656251
0.326777062,0.482054561,0.045511456,0.145656921
0.326536545,0.482287061,0.0455161,0.145660295
0.326297002,0.482509502,0.045522023,0.145671473
0.326055975,0.482723881,0.045528909,0.145691236
0.32581818,0.482932199,0.045535113,0.145714508
0.32558153,0.483137265,0.04553992,0.145741284
0.325333908,0.483352219,0.045542913,0.14577096
0.325069936,0.483590212,0.045543006,0.145796846
0.324793906,0.483851378,0.045539685,0.145815031
0.324512283,0.484123581,0.045533989,0.145830147
0.324230755,0.484390929,0.04552794,0.145850376
0.323949331,0.48464914,0.045522924,0.145878605
0.323663364,0.484907781,0.045518494,0.145910361
0.323370983,0.485175345,0.045513277,0.145940395
0.323075054,0.485449527,0.045507026,0.145968393
0.322779813,0.485722041,0.045500683,0.145997462
0.32248714,0.485987856,0.045495168,0.146029835
0.32219722,0.486246907,0.045491048,0.146064825
0.321911391,0.486501984,0.045487594,0.146099031
0.321630772,0.486758606,0.045482968,0.146127655
0.321355257,0.48702014,0.045476971,0.146147631
0.321085265,0.487281999,0.04547111,0.146161627
0.320821085,0.487536405,0.045466119,0.14617639
0.320561749,0.487782215,0.045461348,0.146194688
0.3203048,0.48802387,0.045456041,0.146215289
0.320048116,0.488264295,0.045450044,0.146237545
0.319795816,0.48850336,0.045443153,0.14625767
0.319556106,0.488738799,0.045434563,0.146270532
0.319332503,0.488969459,0.04542338,0.146274658
0.319122535,0.489196717,0.045410365,0.146270383
0.318918699,0.489421841,0.045398035,0.146261425
0.318718217,0.489642334,0.04538776,0.146251689
0.318528405,0.489854369,0.045377721,0.146239505
0.318348814,0.490062465,0.045365441,0.14622328
0.318170225,0.490275098,0.045350818,0.14620386
0.317989993,0.490492435,0.045335198,0.146182374
0.31780606,0.490713173,0.045319824,0.146160942
0.317614809,0.490937812,0.045305681,0.146141697
0.317423417,0.491158698,0.045293445,0.14612444
0.317238243,0.491373712,0.045281715,0.14610633
0.317053133,0.491590328,0.045268671,0.146087867
0.316861985,0.491810261,0.045255613,0.146072141
0.316663773,0.492035597,0.045243912,0.146056718
0.316459893,0.492269142,0.045232469,0.146038495
0.316252753,0.492506023,0.045220434,0.14602079
0.316041565,0.492742505,0.045208531,0.146007398
0.31582173,0.492984749,0.045196942,0.145996579
0.315591547,0.493238991,0.045184643,0.145984819
0.315355673,0.493501623,0.045170757,0.145971947
0.315117872,0.493768822,0.045155243,0.145958063
0.314875294,0.494045163,0.045138433,0.145941111
0.314622761,0.494334419,0.045120524,0.145922296
0.314362224,0.494631461,0.045101242,0.145905073
0.314106755,0.49492391,0.045080804,0.145888532
0.313866436,0.495201446,0.045061489,0.145870628
0.31363671,0.495465556,0.045045334,0.1458524
0.313408252,0.49572461,0.04503129,0.145835848
0.313176826,0.495979271,0.045017905,0.145825998
0.31294221,0.496221611,0.045006414,0.145829765
0.312704876,0.496450304,0.044997415,0.145847404
0.312465194,0.496673688,0.044989023,0.145872095
0.312223955,0.496898455,0.044979619,0.14589797
0.311982984,0.497122324,0.044969277,0.145925415
0.311742791,0.49733916,0.04495917,0.145958879
0.311500968,0.497547918,0.04494992,0.146001193
0.311256014,0.497752866,0.044940697,0.146050422
0.311008322,0.497960308,0.044930703,0.146100667
0.310757023,0.498174487,0.044920954,0.146147536
0.310503794,0.498392378,0.044912558,0.14619127
0.310257874,0.498602682,0.044905125,0.146234319
0.310026183,0.498798027,0.044897654,0.146278136
0.309804908,0.498983234,0.044889399,0.146322458
0.309586687,0.499163983,0.044880538,0.146368793
0.309371123,0.499338927,0.044871112,0.146418838
0.309165553,0.499503663,0.044860179,0.146470605
0.308972523,0.499660218,0.044846976,0.146520283
0.308786927,0.499816535,0.044831527,0.146565011
0.308606438,0.499974317,0.044814661,0.146604583
0.308432402,0.500130107,0.044797507,0.146639985
0.308265878,0.500282561,0.044780528,0.146671033
0.308104859,0.500435359,0.044763307,0.146696475
0.307945118,0.500592564,0.044745128,0.14671719
0.30778494,0.500751841,0.044725824,0.146737394
0.307622784,0.500911799,0.044705947,0.14675947
0.307457191,0.501074249,0.044686749,0.146781811
0.307290555,0.501237121,0.044669901,0.146802424
0.307127098,0.50139639,0.044656425,0.146820088
0.306972005,0.501547572,0.044646538,0.146833885
0.306829609,0.501685282,0.044640158,0.146844951
0.306699451,0.501807316,0.044637183,0.146856051
0.306577957,0.501915637,0.044637732,0.146868674
0.306461468,0.502015428,0.044641937,0.146881167
0.30634591,0.502114801,0.044649365,0.146889924
0.306225233,0.502223404,0.044658145,0.146893217
0.306091162,0.502352647,0.044665595,0.146890596
0.305943424,0.50250336,0.044671407,0.146881809
0.305790804,0.50266342,0.044677213,0.146868563
0.305634104,0.502830989,0.044682464,0.146852443
0.305468833,0.503012185,0.044685212,0.146833769
0.30529617,0.50320691,0.044685083,0.146811838
0.305119817,0.503411373,0.044682859,0.146785952
0.304943844,0.503618885,0.04467945,0.146757821
0.304773044,0.503821151,0.044675922,0.146729884
0.304608442,0.504015375,0.044673369,0.146702814
0.30444769,0.504205006,0.044671744,0.14667556
0.30429265,0.504389948,0.04466988,0.146647522
0.304142035,0.50457221,0.044667233,0.146618522
0.303988835,0.504762374,0.044663077,0.146585714
0.303834527,0.504962775,0.044656511,0.146546187
0.303685872,0.505164572,0.044648935,0.14650062
0.303541364,0.505365664,0.04464161,0.146451362
0.303394011,0.505572215,0.044634004,0.14639977
0.303245401,0.505784053,0.044626667,0.146343878
0.303104933,0.50599385,0.044620864,0.146280353
0.302978223,0.50619401,0.044617859,0.146209909
0.30286334,0.506380739,0.044618967,0.146136954
0.302754459,0.506557594,0.044623795,0.146064152
0.302650883,0.506728028,0.044630455,0.145990634
0.302556424,0.506890466,0.04463801,0.1459151
0.30246881,0.507047339,0.044647155,0.145836696
0.302380502,0.507205503,0.04465865,0.145755344
0.3022885,0.50736637,0.044672247,0.145672883
0.302195304,0.507526512,0.044686764,0.14559142
0.302102256,0.507684288,0.044701089,0.145512367
0.302010142,0.507839039,0.044715133,0.145435685
0.301923022,0.507988157,0.044728722,0.145360099
0.301841527,0.508132397,0.044741137,0.14528494
0.301760889,0.508277286,0.044752759,0.145209067
0.301679046,0.50842451,0.044765211,0.145131232
0.30159641,0.508571172,0.044779828,0.14505259
0.301514442,0.508712868,0.044796745,0.144975945
0.301435395,0.508846022,0.044815603,0.144902979
0.301357694,0.508973447,0.044836484,0.144832376
0.301279807,0.50910015,0.044859174,0.144760869
0.301204145,0.509226877,0.044882574,0.144686404
0.301130795,0.509353886,0.044905914,0.144609405
0.301056379,0.509482955,0.04492962,0.144531047
0.300979407,0.509614291,0.044953619,0.144452683
0.300897837,0.509749521,0.044977138,0.144375504
0.300804953,0.509896462,0.045000852,0.144297733
0.300696175,0.510062692,0.045025699,0.144215434
0.300574832,0.510246638,0.045051289,0.14412724
0.300447788,0.51043943,0.045077093,0.144035689
0.300320197,0.510633521,0.045102726,0.143943556
0.300194442,0.510826375,0.045127732,0.143851452
0.300069831,0.511017757,0.045152825,0.143759587
0.299942397,0.511210862,0.045179445,0.143667296
0.299805862,0.511414945,0.045207238,0.143571954
0.299654447,0.511638995,0.045234389,0.143472169
0.299491413,0.511878212,0.045260914,0.143369461
0.299325802,0.512120958,0.045288421,0.143264819
0.299157384,0.512368255,0.045316872,0.143157489
0.298980761,0.51262649,0.045344453,0.143048296
0.298795339,0.512894574,0.045370228,0.142939859
0.298603287,0.513166593,0.045395167,0.142834954
0.298409426,0.513435254,0.045420036,0.142735284
0.298222749,0.513694075,0.04544475,0.142638426
0.298047556,0.513941057,0.045469395,0.142541992
0.297879448,0.514180822,0.04549313,0.1424466
0.297716228,0.514420859,0.045514068,0.142348846
0.297561251,0.514660595,0.045532479,0.142245675
0.297414188,0.514895939,0.045550562,0.142139311
0.297270941,0.515127889,0.045568959,0.142032211
0.297132203,0.515354369,0.045586933,0.141926494
0.297002598,0.515569475,0.045604013,0.141823914
0.29688568,0.515769943,0.045620081,0.141724296
0.296780522,0.515959305,0.045634794,0.141625379
0.296681338,0.516144363,0.045648333,0.141525966
0.296584433,0.516326673,0.04566208,0.141426815
0.296492429,0.516503435,0.045676964,0.141327172
0.296407635,0.516675161,0.045692486,0.141224719
0.296327742,0.516847024,0.045707379,0.141117854
0.296250611,0.517020383,0.0457211,0.141007906
0.296175299,0.517193249,0.045734258,0.140897193
0.296099072,0.517366717,0.045747037,0.140787175
0.29602048,0.517541374,0.045758906,0.140679239
0.295941073,0.517718888,0.045769239,0.140570799
0.295862197,0.517901913,0.045777309,0.140458581
0.295784453,0.518086221,0.045783022,0.140346303
0.295705634,0.518266426,0.045787241,0.1402407
0.295622843,0.518443073,0.045790346,0.140143738
0.295539979,0.518615977,0.045792142,0.140051901
0.295461999,0.518783536,0.04579325,0.139961214
0.295387525,0.51894646,0.045793975,0.13987204
0.295313311,0.519104305,0.04579355,0.139788834
0.295237225,0.51925858,0.045791819,0.139712377
0.295157624,0.519412265,0.045790483,0.139639628
0.295075659,0.519561045,0.045792531,0.139570765
0.294996474,0.519699327,0.045799566,0.139504633
0.294924459,0.519827396,0.045810953,0.139437192
0.294856573,0.51995239,0.045824644,0.139366393
0.29478596,0.520086645,0.045837647,0.139289748
0.294713035,0.520233918,0.04584843,0.139204617
0.294642385,0.520387683,0.045857799,0.139112133
0.29457503,0.520542698,0.045866597,0.139015675
0.294509886,0.520697546,0.045874863,0.138917705
0.294446936,0.520851378,0.045882642,0.138819044
0.294386621,0.52100228,0.045890019,0.13872108
0.2943277,0.521149377,0.04589696,0.138625963
0.294268329,0.5212939,0.045903841,0.13853393
0.294208497,0.521436272,0.045911099,0.138444133
0.294149768,0.521575276,0.045918442,0.138356515
0.294091471,0.521711445,0.045925052,0.138272032
0.294028648,0.521850707,0.04592996,0.138190685
0.293954478,0.52200435,0.045932154,0.138109019
0.293867453,0.522177531,0.045931359,0.138023657
0.293772674,0.522363569,0.045928907,0.137934849
0.293672313,0.522558248,0.045926246,0.137843192
0.29356263,0.522764463,0.045923921,0.137748986
0.293443716,0.522979213,0.045922796,0.137654275
0.293324147,0.523191692,0.04592391,0.137560251
0.293210779,0.523396511,0.04592688,0.13746583
0.293101456,0.523598065,0.045930284,0.137370196
0.292989038,0.523804262,0.045933562,0.137273138
0.292870676,0.524016532,0.04593688,0.137175911
0.29274983,0.524229268,0.045939778,0.137081125
0.292627626,0.524441995,0.045941292,0.136989087
0.292502295,0.524658133,0.045940947,0.136898626
0.292373978,0.524877536,0.045938614,0.136809872
0.292245113,0.525095499,0.045934784,0.136724605
0.292116148,0.525306773,0.045931422,0.136645657
0.29198486,0.525511105,0.045930114,0.136573921
0.291854172,0.525710448,0.045929773,0.136505607
0.291731084,0.525903187,0.045928868,0.136436861
0.291618077,0.526086086,0.045927773,0.136368063
0.291513024,0.526260021,0.045926624,0.136300331
0.291413738,0.526428154,0.045925138,0.13623297
0.291317398,0.526593066,0.045924724,0.136164812
0.291222742,0.526754659,0.045926933,0.136095666
0.291133846,0.526909794,0.04593101,0.13602535
0.291055284,0.527056856,0.045934858,0.135953001
0.290986951,0.527196764,0.045937452,0.135878833
0.290924837,0.527332052,0.045938916,0.135804195
0.290866695,0.52746487,0.04593927,0.135729165
0.290814976,0.527595437,0.045938095,0.135651492
0.290773724,0.527722484,0.045934781,0.135569012
0.290743329,0.527845083,0.045929174,0.135482414
0.29071892,0.527964869,0.045921847,0.135394363
0.290697925,0.528081915,0.045913697,0.135306463
0.290681169,0.528195294,0.045905725,0.135217812
0.29066542,0.528309599,0.045898628,0.135126354
0.290647623,0.528428424,0.045892136,0.135031816
0.290632244,0.528547164,0.045885166,0.134935426
0.290626527,0.528660321,0.045876331,0.13483682
0.290633225,0.528769987,0.045864023,0.134732765
0.290652173,0.528880915,0.04584749,0.134619422
0.290680058,0.528994363,0.045827737,0.134497842
0.290704934,0.529115735,0.045806291,0.13437304
0.290714896,0.52925268,0.045784463,0.134247961
0.290711137,0.529403063,0.04576363,0.13412217
0.290704221,0.529558222,0.045744837,0.133992719
0.290703681,0.529710428,0.045728402,0.133857488
0.290712954,0.529854158,0.045713733,0.133719155
0.290728567,0.5299882,0.045699563,0.133583669
0.290744644,0.530113875,0.045685619,0.133455862
0.29075906,0.530231884,0.045672804,0.133336252
0.290772603,0.530345492,0.045660792,0.133221113
0.290784896,0.530460354,0.045648132,0.133106617
0.290797252,0.530576569,0.045634238,0.132991941
0.290813832,0.530689035,0.045619266,0.132877867
0.290834307,0.530797978,0.04560289,0.132764824
0.290856191,0.530906507,0.045584651,0.132652651
0.290880306,0.531011896,0.0455662,0.132541599
0.290906877,0.531110955,0.045550771,0.132431398
0.290936408,0.53120322,0.045539738,0.132320634
0.290971579,0.531287577,0.045532171,0.132208673
0.291012616,0.531366801,0.045526309,0.132094274
0.291056352,0.531445863,0.045520074,0.131977711
0.29109886,0.53152523,0.045512072,0.131863838
0.291136415,0.531607198,0.045501954,0.131754434
0.291168623,0.531695834,0.045490163,0.13164538
0.291198557,0.531787984,0.045477923,0.131535536
0.291226743,0.531879923,0.045465805,0.131427529
0.291252,0.531973632,0.045453224,0.131321144
0.291276185,0.532069824,0.045439501,0.131214489
0.291302033,0.532165885,0.045424704,0.131107377
0.291330956,0.532259252,0.045409573,0.131000218
0.291364408,0.532348267,0.045394201,0.130893124
