0.040117018,0.698454513,0.068777234,0.192651234
0.040140624,0.698122754,0.068862451,0.192874171
0.040163819,0.697794698,0.068948737,0.193092746
0.040186601,0.697476218,0.069034341,0.19330284
0.04020881,0.697165355,0.069118824,0.193507011
0.040231141,0.696853885,0.069201593,0.19371338
0.040255828,0.696536228,0.06928134,0.193926603
0.040285539,0.696213299,0.069357602,0.194143559
0.040320154,0.695889097,0.069430533,0.194360216
0.04035689,0.695563498,0.069500022,0.19457959
0.040393959,0.695236463,0.06956524,0.194804337
0.040430355,0.694918209,0.069623479,0.195027957
0.040464069,0.694624676,0.069671323,0.195239931
0.040494839,0.694357965,0.069710013,0.195437183
0.040524491,0.694107636,0.069744641,0.195623232
0.040553376,0.693871656,0.069777516,0.195797452
0.040580865,0.693651645,0.069808866,0.195958623
0.040607196,0.693437664,0.069840618,0.196114522
0.040632722,0.693216866,0.069875296,0.196275116
0.040658227,0.692984976,0.069914179,0.196442618
0.040685083,0.692745499,0.069957047,0.196612371
0.040712782,0.692506212,0.070000973,0.196780034
0.040739663,0.692270335,0.070042589,0.196947413
0.040765702,0.692038054,0.070081518,0.197114726
0.040791145,0.691815851,0.070118543,0.197274461
0.040815415,0.691605754,0.070155911,0.19742292
0.040838253,0.691398677,0.070197257,0.197565813
0.040860063,0.691185076,0.070244625,0.197710236
0.040881136,0.690960247,0.070299112,0.197859505
0.040901289,0.690725937,0.070361743,0.198011031
0.04092103,0.690485032,0.070432109,0.198161829
0.040940807,0.690236059,0.070507828,0.198315306
0.040960482,0.689981336,0.070584758,0.198473424
0.04098069,0.689725166,0.07066053,0.198633615
0.041001524,0.689467571,0.070737724,0.19879318
0.041021676,0.689212899,0.070818358,0.198947067
0.04103983,0.688971437,0.070899294,0.199089439
0.041055197,0.688752596,0.070975673,0.199216534
0.041067,0.688564929,0.071045372,0.199322698
0.041074969,0.688412832,0.071109917,0.199402282
0.041080496,0.688287527,0.071172021,0.199459955
0.04108492,0.688175016,0.071232752,0.199507312
0.041087093,0.688067228,0.071292771,0.199552908
0.041085769,0.687956431,0.071354392,0.199603408
0.041081654,0.687844682,0.071417143,0.199656521
0.041075359,0.687745282,0.071477458,0.199701901
0.041067145,0.687659286,0.071535398,0.199738171
0.041057527,0.687575068,0.071593468,0.199773938
0.041046961,0.687481019,0.071652048,0.199819972
0.041036177,0.687370466,0.071709567,0.19988379
0.041025591,0.687243047,0.071764684,0.199966677
0.041014917,0.687102598,0.071817626,0.200064858
0.041004478,0.686954777,0.071868904,0.200171841
0.040996041,0.686803882,0.071918526,0.20028155
0.040991233,0.686652481,0.071966311,0.200389975
0.040989555,0.686501812,0.072012225,0.200496408
0.040990124,0.686351035,0.072056245,0.200602596
0.040994652,0.68619715,0.072097531,0.200710668
0.041005184,0.686037353,0.072134548,0.200822915
0.041020457,0.685871109,0.072168061,0.200940373
0.041037508,0.685702063,0.072201375,0.201059054
0.041054772,0.685535246,0.072235927,0.201174055
0.041072082,0.685363907,0.072272494,0.201291518
0.041089054,0.685175499,0.072312157,0.201423289
0.041105102,0.684971184,0.072353189,0.201570524
0.041120423,0.684765037,0.072391999,0.20172254
0.04113527,0.684569764,0.072426058,0.201868908
0.041149416,0.684388686,0.0724552,0.202006698
0.041162627,0.684221707,0.072480801,0.202134865
0.041174362,0.684070834,0.072504217,0.202250587
0.0411841,0.683933684,0.072526536,0.202355681
0.04119204,0.683798058,0.072548245,0.202461656
0.041198534,0.683650718,0.072568438,0.20258231
0.04120412,0.683492067,0.072587107,0.202716706
0.041209246,0.68333043,0.072605697,0.202854627
0.041213688,0.683166457,0.072624012,0.202995842
0.041217309,0.682998186,0.072640833,0.203143673
0.041219769,0.682830058,0.072655219,0.203294954
0.041220541,0.682670226,0.072667014,0.203442219
0.04121994,0.682523737,0.072678611,0.203577713
0.041218451,0.682387088,0.072694978,0.203699483
0.041216191,0.682251546,0.072720739,0.203811524
0.04121287,0.682111817,0.072756572,0.203918742
0.041207398,0.68196547,0.072799877,0.204027256
0.041200138,0.681811106,0.072846187,0.204142568
0.041192959,0.681655329,0.072892009,0.204259703
0.041185899,0.681504178,0.072939418,0.204370505
0.041178112,0.681350243,0.072991568,0.204480077
0.041169983,0.681184895,0.073046824,0.204598299
0.041162694,0.681007406,0.073102682,0.204727217
0.041156845,0.680821104,0.073160011,0.204862039
0.041152411,0.680631109,0.073219322,0.204997158
0.041149936,0.680440197,0.073278621,0.205131246
0.041149222,0.680243675,0.073337803,0.2052693
0.041148863,0.680033248,0.073399226,0.205418664
0.041148298,0.679812585,0.073462778,0.205576338
0.041147508,0.679596513,0.073524205,0.205731775
0.041146319,0.679388716,0.073580074,0.205884892
0.041145733,0.67917785,0.073632225,0.206044192
0.041146471,0.678961831,0.073683655,0.206208044
0.041147271,0.678750194,0.073735039,0.206367496
0.041147399,0.678541895,0.073787761,0.206522945
0.041146987,0.678331577,0.07384254,0.206678896
0.041145931,0.678119759,0.073897715,0.206836595
0.041144916,0.677910299,0.073950821,0.206993965
0.041144761,0.677711863,0.073998962,0.207144414
0.04114524,0.677527794,0.074040614,0.207286352
0.041145198,0.677353743,0.074075762,0.207425297
0.041143482,0.677185666,0.074105703,0.20756515
0.041140099,0.677019544,0.074134539,0.207705818
0.041135586,0.676856238,0.074165965,0.207842212
0.041130255,0.676701119,0.074200287,0.20796834
0.041124835,0.67655155,0.074237486,0.208086128
0.041120346,0.676398083,0.074278856,0.208202715
0.041117557,0.676236238,0.074324222,0.208321984
0.041116258,0.676066838,0.074370489,0.208446416
0.041115349,0.675891115,0.074415481,0.208578055
0.041114708,0.675709614,0.074461258,0.20871442
0.041114629,0.675521027,0.074509863,0.20885448
0.041114353,0.675323058,0.074559649,0.20900294
0.041113201,0.675116872,0.074607864,0.209162063
0.041110765,0.674910413,0.074652584,0.209326238
0.041106603,0.674710455,0.074693573,0.20948937
0.041100912,0.674514072,0.074733198,0.209651818
0.041093889,0.674319443,0.0747728,0.209813869
0.041085087,0.67413138,0.074810171,0.209973362
0.041074149,0.673952543,0.07484301,0.210130298
0.041061407,0.673781513,0.074872058,0.210285023
0.041047283,0.673615968,0.074900583,0.210436166
0.041031628,0.673456146,0.074931215,0.210581011
0.041014909,0.673299522,0.074965118,0.210720451
0.040997908,0.673144878,0.075000687,0.210856528
0.040979811,0.673002278,0.075034773,0.210983138
0.040959887,0.67287848,0.075069083,0.21109255
0.040939016,0.672771063,0.075107762,0.211182159
0.040918317,0.67267601,0.075152107,0.211253566
0.040898133,0.672589306,0.075200004,0.211312557
0.040877817,0.672508468,0.075248774,0.21136494
0.04085709,0.67242832,0.075301528,0.211413062
0.040836947,0.67234173,0.075364136,0.211457187
0.040817743,0.672248128,0.075436898,0.211497231
0.040798683,0.67215257,0.07551531,0.211533436
0.040779185,0.672061357,0.075594765,0.211564693
0.040759162,0.67197833,0.075673192,0.211589316
0.040738667,0.671900273,0.075750641,0.211610419
0.040717743,0.671819802,0.075827077,0.211635378
0.040696811,0.671732918,0.075901796,0.211668475
0.040676144,0.671641585,0.075975569,0.211706703
0.040655511,0.671548803,0.076051277,0.211744409
0.040634648,0.671460835,0.076128258,0.211776259
0.040612552,0.671393127,0.076201118,0.211793203
0.040588236,0.671355684,0.076267544,0.211788536
0.040561925,0.671340222,0.076329094,0.211768759
0.04053361,0.67133572,0.076386552,0.211744118
0.040502778,0.671339085,0.076441286,0.21171685
0.040469975,0.671349847,0.07649509,0.211685089
0.040436559,0.67136937,0.07654745,0.211646621
0.040403489,0.671396932,0.076598163,0.211601416
0.040370945,0.671428744,0.076647626,0.211552685
0.040338668,0.671464774,0.076692959,0.211503599
0.040306635,0.671505579,0.076730841,0.211456945
0.04027517,0.671544783,0.076762611,0.211417435
0.040244111,0.671578002,0.076791618,0.211386268
0.040212621,0.671611995,0.07681932,0.211356064
0.040180637,0.671650369,0.076847127,0.211321867
0.040149033,0.671690672,0.076875408,0.211284887
0.040118306,0.671734864,0.076902456,0.211244373
0.040088209,0.671782903,0.076928414,0.211200474
0.040057773,0.671831799,0.076953174,0.211157253
0.04002632,0.671880057,0.07697473,0.211118892
0.039994899,0.671925507,0.076993214,0.21108638
0.039964499,0.671969208,0.077009062,0.211057231
0.039933736,0.672018047,0.07701996,0.211028258
0.039900583,0.672077994,0.077023978,0.210997445
0.039864406,0.67214826,0.077022555,0.210964779
0.039825685,0.672223637,0.077019328,0.210931349
0.039785436,0.672300272,0.077016891,0.210897402
0.03974472,0.67237703,0.077015156,0.210863095
0.039704046,0.672454273,0.077013312,0.210828369
0.03966307,0.672534941,0.077011649,0.21079034
0.039620984,0.672624288,0.07700992,0.210744807
0.039577417,0.672725984,0.077006305,0.210690295
0.039532867,0.672839487,0.076999432,0.210628214
0.039488566,0.672960591,0.076990205,0.210560638
0.039445983,0.673084082,0.076981031,0.210488903
0.039405455,0.673206608,0.076974351,0.210413587
0.039366192,0.673324965,0.076972471,0.210336372
0.039327728,0.67343857,0.076976603,0.210257099
0.039289877,0.673555298,0.076984787,0.210170038
0.039252209,0.673682622,0.07699237,0.210072799
0.039214354,0.673816322,0.076996373,0.209972951
0.039176331,0.673948777,0.076997701,0.20987719
0.039138427,0.674082248,0.076996603,0.209782722
0.039101203,0.674220837,0.076991547,0.209686413
0.03906535,0.674361461,0.07698317,0.209590019
0.039030629,0.67450221,0.076972783,0.209494377
0.038996046,0.67464669,0.076959701,0.209397563
0.038961268,0.674796482,0.076943349,0.209298901
0.038926251,0.67494918,0.076924124,0.209200445
0.038890626,0.675105859,0.076901775,0.20910174
0.038854086,0.675268542,0.076876237,0.209001135
0.038817102,0.675435532,0.076848394,0.208898973
0.03878112,0.67560397,0.076819452,0.208795458
0.038746615,0.67577721,0.07678958,0.208686594
0.038711867,0.675967052,0.076755486,0.208565595
0.038675198,0.67617308,0.076715399,0.208436323
0.038637129,0.676380997,0.0766732,0.208308675
0.038598791,0.676590123,0.076630493,0.208180592
0.03856016,0.676809309,0.07658534,0.208045191
0.038521143,0.677037005,0.076538812,0.20790304
0.038482778,0.67726571,0.076494058,0.207757453
0.038446264,0.677491249,0.076452197,0.20761029
0.038411387,0.677714679,0.076411937,0.207461997
0.038377441,0.677935979,0.07637166,0.207314919
0.038345076,0.678149648,0.076330638,0.207174638
0.038314872,0.678354296,0.076289063,0.207041769
0.038285662,0.678551104,0.07624775,0.206915483
0.038256347,0.67873486,0.076207595,0.206801198
0.038227545,0.678904623,0.076168513,0.206699319
0.03820034,0.67906854,0.076129123,0.206601997
0.038174594,0.679230783,0.07608865,0.206505974
0.038149947,0.679389817,0.076047191,0.206413044
0.038126667,0.679546078,0.076004348,0.206322907
0.038104809,0.679699642,0.075960728,0.206234822
0.038084304,0.679847331,0.075918286,0.206150078
0.038065143,0.679985618,0.07587835,0.206070888
0.038046986,0.680113586,0.075840734,0.205998694
0.038029113,0.680236953,0.075804269,0.205929665
0.038011053,0.68036242,0.075768425,0.205858102
0.037993242,0.6804873,0.075733306,0.205786151
0.037975951,0.680607802,0.075698413,0.205717834
0.037958618,0.68073103,0.075661723,0.205648629
0.037941498,0.680865287,0.075620693,0.205572522
0.037926077,0.681007596,0.075576531,0.205489796
0.037912824,0.681147594,0.075535555,0.205404027
0.037899706,0.681275632,0.075503667,0.205320995
0.037884665,0.681384787,0.075481811,0.205248738
0.037868093,0.681471388,0.075466331,0.205194188
0.037851034,0.681537957,0.07545292,0.20515809
0.037833332,0.681591145,0.075440744,0.205134779
0.037814845,0.681638352,0.075431089,0.205115714
0.037796163,0.681683784,0.075424423,0.20509563
0.037777367,0.681724247,0.075419392,0.205078994
0.03775821,0.681754804,0.075414488,0.205072498
0.037738989,0.681773802,0.075410952,0.205076257
0.037720321,0.681783455,0.075410626,0.205085597
0.037702289,0.681789778,0.075412189,0.205095744
0.037683841,0.681793904,0.075415317,0.205106938
0.037664044,0.681788202,0.075423911,0.205123844
0.037643175,0.68176843,0.075439462,0.205148933
0.037621708,0.681737901,0.07545865,0.205181741
0.037599709,0.681698399,0.075478518,0.205223374
0.037577091,0.681650927,0.075497665,0.205274317
0.037553471,0.681603808,0.075513543,0.205329178
0.0375291,0.681564288,0.075524206,0.205382406
0.037504444,0.681535249,0.075529897,0.20543041
0.037479354,0.681525587,0.075529893,0.205465167
0.037454789,0.68153997,0.075523619,0.205481622
0.037431966,0.681569708,0.075513093,0.205485234
0.037410657,0.681601536,0.075500894,0.205486913
0.037390059,0.68162659,0.075488844,0.205494507
0.037369152,0.681644694,0.075478367,0.205507787
0.037347472,0.681658844,0.07547028,0.205523404
0.03732552,0.681670111,0.075463631,0.205540738
0.037303336,0.68167843,0.075456354,0.20556188
0.037280712,0.681681366,0.075447636,0.205590286
0.037258209,0.681677099,0.075438679,0.205626013
0.037236366,0.681663874,0.075432721,0.205667039
0.037214741,0.681637256,0.075432009,0.205715994
0.037192864,0.681597712,0.075435024,0.205774401
0.037171446,0.68155159,0.075439401,0.205837563
0.037151402,0.681503472,0.075444285,0.205900841
0.03713248,0.681454887,0.07544905,0.205963583
0.037113932,0.681406065,0.075452599,0.206027404
0.037095397,0.681357189,0.075454267,0.206093146
0.037075921,0.68131176,0.07545363,0.206158689
0.037054894,0.681272911,0.07545063,0.206221565
0.037033598,0.681236392,0.075446271,0.206283739
0.037012708,0.681194318,0.075442157,0.206350816
0.036990766,0.681143596,0.075439929,0.206425709
0.036966776,0.681088545,0.075439943,0.206504736
0.036941853,0.681033133,0.075440919,0.206584095
0.036917183,0.680976487,0.075441955,0.206664374
0.036892374,0.680920456,0.075443001,0.206744169
0.036866747,0.680869737,0.075443272,0.206820244
0.036840582,0.68082353,0.075442078,0.20689381
0.03681467,0.680779546,0.075439733,0.206966051
0.036789444,0.680739612,0.075436559,0.207034385
0.036764812,0.680702673,0.075433386,0.20709913
0.03674031,0.680666386,0.075431602,0.207161703
0.036715415,0.680631563,0.075431578,0.207221444
0.036689466,0.680601746,0.075431186,0.207277602
0.036661998,0.680580911,0.075429075,0.207328015
0.036632982,0.68056744,0.075427402,0.207372176
0.03660178,0.680559548,0.075426784,0.207411888
0.036568297,0.680559631,0.075424823,0.207447249
0.03653387,0.680565919,0.075420544,0.207479667
0.036499295,0.680570503,0.075414856,0.207515345
0.036464516,0.680570862,0.075408189,0.207556433
0.036429268,0.680575092,0.075399808,0.207595832
0.036393195,0.680595457,0.075387342,0.207624007
0.036356178,0.680638659,0.075368958,0.207636205
0.036318177,0.680697653,0.075346484,0.207637686
0.036279484,0.680763988,0.075321976,0.207634553
0.036240286,0.680842623,0.075293968,0.207623123
0.036199921,0.680941458,0.075260042,0.207598578
0.036157965,0.681058566,0.075220135,0.207563334
0.03611475,0.681181594,0.075177329,0.207526328
0.036071694,0.681295251,0.075136099,0.207496956
0.036030969,0.681395346,0.075098897,0.207474788
0.03599264,0.681489404,0.075064267,0.207453689
0.035955307,0.68157935,0.075030693,0.20743465
0.035918783,0.68165715,0.075002024,0.207422043
0.035883108,0.681714698,0.074984731,0.207417463
0.035848532,0.681749455,0.07498177,0.207420243
0.035816236,0.681766291,0.074990978,0.207426495
0.03578658,0.681771943,0.07500811,0.207433367
0.035758372,0.681770503,0.075029914,0.207441212
0.035730547,0.681765187,0.075053803,0.207450463
0.035703223,0.681755404,0.075078222,0.207463152
0.035676966,0.681738918,0.075103658,0.207480458
0.03565241,0.681717814,0.075130843,0.207498933
0.035630236,0.681696863,0.075159012,0.207513889
0.035610499,0.681679652,0.075186882,0.207522967
0.035591981,0.68166628,0.075213823,0.207527916
0.035573986,0.681653822,0.075239393,0.207532798
0.0355582,0.681636821,0.075263141,0.207541838
0.035546211,0.681611646,0.075285332,0.207556811
0.035537196,0.6815808,0.075306309,0.207575695
0.035529133,0.681546103,0.075326243,0.20759852
0.035520819,0.681503115,0.075346945,0.207629121
0.03551229,0.681445812,0.075371313,0.207670585
0.035503703,0.681374882,0.075400226,0.207721189
0.03549492,0.681295395,0.075433315,0.20777637
0.035485876,0.681213722,0.075469593,0.207830808
0.035476673,0.681140708,0.075505382,0.207877237
0.035467763,0.681081044,0.075538241,0.207912952
0.035459458,0.681027462,0.075570682,0.207942399
0.035451377,0.680970773,0.075606544,0.207971305
0.035443203,0.680906882,0.075646545,0.20800337
0.03543509,0.680834652,0.07568797,0.208042288
0.035427103,0.68075332,0.075728595,0.208090983
0.03541917,0.680663468,0.075768683,0.20814868
0.035411309,0.680565726,0.075808618,0.208214347
0.035403481,0.680463176,0.075847956,0.208285388
0.035395464,0.680361655,0.075887074,0.208355806
0.03538714,0.680259984,0.075928123,0.208424754
0.03537849,0.680149508,0.075973717,0.208498286
0.035369385,0.680026963,0.076024777,0.208578875
0.035360129,0.679895792,0.07607902,0.20866506
0.035351181,0.679754485,0.076134335,0.208759999
0.035342099,0.679596593,0.07619277,0.208868537
0.035331894,0.679423155,0.076255208,0.208989744
0.035319577,0.679246797,0.076317675,0.209115952
0.035304618,0.679082559,0.076376052,0.209236772
0.03528863,0.678933017,0.076430118,0.209348235
0.035274167,0.6787933,0.07648078,0.209451754
0.035261153,0.67866911,0.076526299,0.209543438
0.035247527,0.678566258,0.076566561,0.209619655
0.035232881,0.678476023,0.076606523,0.209684574
0.035219285,0.678383805,0.076652152,0.209744758
0.035208286,0.678281414,0.076705791,0.20980451
0.035199174,0.678170391,0.076764488,0.209865947
0.035190284,0.678052201,0.076825603,0.209931911
0.03518046,0.677922085,0.076892405,0.21000505
0.035169216,0.677781394,0.076968116,0.210081274
0.035156359,0.677641074,0.077051343,0.210151224
0.035142122,0.677507497,0.077139637,0.210210744
0.03512695,0.677377026,0.077232532,0.210263493
0.035111381,0.67724569,0.077329399,0.21031353
0.035096109,0.677114984,0.077427965,0.210360942
0.03508156,0.676984765,0.077528079,0.210405596
0.035067787,0.676852726,0.077631226,0.21044826
0.035054707,0.676721186,0.077736377,0.210487729
0.035042042,0.676593243,0.077840847,0.210523868
0.035029466,0.67646882,0.077943149,0.210558564
0.035016845,0.676347076,0.078042994,0.210593084
0.035004021,0.676224249,0.078141373,0.210630357
0.034991144,0.676097304,0.078239919,0.210671633
0.034978529,0.675967931,0.07833833,0.210715209
0.034965585,0.675839054,0.078434565,0.210760796
0.034951582,0.675716506,0.078526743,0.210805168
0.034936349,0.675606022,0.078613838,0.210843791
0.034919339,0.675512465,0.07869419,0.210874007
0.034900545,0.675439233,0.078765383,0.210894839
0.034881491,0.675378953,0.07882772,0.210911836
0.034863319,0.675320699,0.078884137,0.210931845
0.034846173,0.675261298,0.078937333,0.210955197
0.034830765,0.67520139,0.078988934,0.210978911
0.034817944,0.675140557,0.079040366,0.211001133
0.034807546,0.675077344,0.079093365,0.211021745
0.034798899,0.67501087,0.079147606,0.211042625
0.034791445,0.674937788,0.079202418,0.211068348
0.034784663,0.67485107,0.079261347,0.21110292
0.034778283,0.674751838,0.079327145,0.211142734
0.034772433,0.674651358,0.07939641,0.211179799
0.034766576,0.674553181,0.079467142,0.211213101
0.034760289,0.674448506,0.079543563,0.211247643
0.034754474,0.67433084,0.079628265,0.211286421
0.034748994,0.674205114,0.079719041,0.211326851
0.034742252,0.674083565,0.079812377,0.211361806
0.034733589,0.673972309,0.079905136,0.211388967
0.034723731,0.673863131,0.079997889,0.211415249
0.034713565,0.673748551,0.080093755,0.21144413
0.034703096,0.673637982,0.080190432,0.21146849
0.034691993,0.673544191,0.08028249,0.211481325
0.034680524,0.67346581,0.080369511,0.211484156
0.034669287,0.673395242,0.080453185,0.211482286
0.03465824,0.673328104,0.080535184,0.211478472
0.034646911,0.673259519,0.080619098,0.211474472
0.034635279,0.673184235,0.080707089,0.211473397
0.034623435,0.673100554,0.080798899,0.211477111
0.034611281,0.673012342,0.080893153,0.211483223
0.034598548,0.672930894,0.080986074,0.211484485
0.034584678,0.672869323,0.081072887,0.211473112
0.034569785,0.672828989,0.081152543,0.211448683
0.034554937,0.672801087,0.081227831,0.211416145
0.034540693,0.672780693,0.081301498,0.211377115
0.034526626,0.672765874,0.081376096,0.211331403
0.034512382,0.672752978,0.081453321,0.211281319
0.034498585,0.67273962,0.081531761,0.211230034
0.034485845,0.672725085,0.081609734,0.211179335
0.034473552,0.672710045,0.081687536,0.211128867
0.034460893,0.672698588,0.081764598,0.211075921
0.034448265,0.672692655,0.081839855,0.211019225
0.034436483,0.672688735,0.081913854,0.210960928
0.034425304,0.672686332,0.081987643,0.21090072
0.034413872,0.672685273,0.082061922,0.210838933
0.034401693,0.672678509,0.082137007,0.210782791
0.034388664,0.672663329,0.08221203,0.210735978
0.034374684,0.672649393,0.082284499,0.210691425
0.034359921,0.672639841,0.08235401,0.210646228
0.034344658,0.672627911,0.082422766,0.210604665
0.034328835,0.672616561,0.082490715,0.210563889
0.034312727,0.672609258,0.082557432,0.210520584
0.034297073,0.672604107,0.082623294,0.210475526
0.034282796,0.67260475,0.082686984,0.21042547
0.034270774,0.672614444,0.082748046,0.210366736
0.034261015,0.672628537,0.082809317,0.210301131
0.034252855,0.672641775,0.082873834,0.210231535
0.034246322,0.672655952,0.082941226,0.210156499
0.034241974,0.672672113,0.08301013,0.210075783
0.034239518,0.672688222,0.083079746,0.209992514
0.034237841,0.672705286,0.083148755,0.209908118
0.034236299,0.672725484,0.083215794,0.209822423
0.034235425,0.672746121,0.083280517,0.209737938
0.034236107,0.672759473,0.083344106,0.209660314
0.034238497,0.672763064,0.083407517,0.209590923
0.034241791,0.672758291,0.083472419,0.209527499
0.034245237,0.672740142,0.083542032,0.209472589
0.034248849,0.672707574,0.083617342,0.209426235
0.034252909,0.672668931,0.083696501,0.20938166
0.034257513,0.672628534,0.083777724,0.209336229
0.034262125,0.67258663,0.083859679,0.209291566
0.034265822,0.672548328,0.083940366,0.209245484
0.034267897,0.67252352,0.084016633,0.209191949
0.034268274,0.67251834,0.084085797,0.209127589
0.034268041,0.672526482,0.084148954,0.209056523
0.034267824,0.67254095,0.084208385,0.20898284
0.034266856,0.672566304,0.08426367,0.208903169
0.034265096,0.672607655,0.084314217,0.208813031
0.034263018,0.672661894,0.084360956,0.208714132
0.034260471,0.672718636,0.084406825,0.208614068
0.034257516,0.672771785,0.084454243,0.208516456
0.034254282,0.672827252,0.084501855,0.208416611
0.034250629,0.672888104,0.084549343,0.208311924
0.034246366,0.672950334,0.084598563,0.208204737
0.034241107,0.673014143,0.084648804,0.208095946
0.034234854,0.673081789,0.08469787,0.207985487
0.034228068,0.673150419,0.084745588,0.207875925
0.034220944,0.673212709,0.084794031,0.207772316
0.034213648,0.673262568,0.084845578,0.207678206
0.034206319,0.67329955,0.084901717,0.207592414
0.034198848,0.673324905,0.08496322,0.207513027
0.034191422,0.673339194,0.085028928,0.207440456
0.034184474,0.673347136,0.085094847,0.207373544
0.034178157,0.673353938,0.085158487,0.207309418
0.034172162,0.673358696,0.085220785,0.207248357
0.034165935,0.673357634,0.085282378,0.207194053
0.034158989,0.673346893,0.085343971,0.207150147
0.034150817,0.673320124,0.085408547,0.207120511
0.034141323,0.673270654,0.085478867,0.207109156
0.03413117,0.673200349,0.085552801,0.20711568
0.034121142,0.673118404,0.08562622,0.207134234
0.034111224,0.673032262,0.085698608,0.207157905
0.034101057,0.672947633,0.085769343,0.207181967
0.034091215,0.672867541,0.085836907,0.207204337
0.034082109,0.672790463,0.085901813,0.207225615
0.034073235,0.672712952,0.085964961,0.207248853
0.034064319,0.672626498,0.08602838,0.207280802
0.034054908,0.672522854,0.086094071,0.207328166
0.034044299,0.672404642,0.086161429,0.207389631
0.034032946,0.672278606,0.086230049,0.207458399
0.034022215,0.672148469,0.086300617,0.207528699
0.03401295,0.67201704,0.086372355,0.207597656
0.034004975,0.671885503,0.086443895,0.207665626
0.033997625,0.671751715,0.086515669,0.20773499
0.033990603,0.671614347,0.086588451,0.207806599
0.033983838,0.671477897,0.08666093,0.207877335
0.033976889,0.671347903,0.086731499,0.20794371
0.033969482,0.671223736,0.086800718,0.208006064
0.033961999,0.67110194,0.086869195,0.208066866
0.033954696,0.670981707,0.08693598,0.208127618
0.033947347,0.670861308,0.087000344,0.208191001
0.033939811,0.670736979,0.087062043,0.208261167
0.033932323,0.67060821,0.087120261,0.208339206
0.03392523,0.670477955,0.087174235,0.208422581
0.033918445,0.670348357,0.087224744,0.208508454
0.033911912,0.670220316,0.087273369,0.208594404
0.033906026,0.670095188,0.087320354,0.208678433
0.033900679,0.669971706,0.0873651,0.208762515
0.033895169,0.669845368,0.087407761,0.208851702
0.033889146,0.669713884,0.087448985,0.208947985
0.0338828,0.669578697,0.087489385,0.209049119
0.033876308,0.669440388,0.087529785,0.209153518
0.033869589,0.669298436,0.087570719,0.209261256
0.033862554,0.669155355,0.087611883,0.209370208
0.033855255,0.669016095,0.087652573,0.209476077
0.033847827,0.668885139,0.0876915,0.209575535
0.033840216,0.668761901,0.087727883,0.20967
0.033832052,0.668639281,0.087763618,0.209765049
0.033822928,0.668512314,0.087801327,0.209863432
0.03381263,0.668382369,0.087841201,0.2099638
0.03380144,0.668252177,0.087881129,0.210065254
0.033790292,0.668122705,0.087919205,0.210167797
0.033779971,0.667993862,0.087956194,0.210269973
0.033770016,0.667868749,0.087993847,0.210367388
0.033759457,0.667754256,0.088031817,0.21045447
0.033748621,0.667655295,0.088067773,0.210528311
0.033738734,0.667571946,0.088099624,0.210589695
0.033730502,0.667500783,0.088127325,0.21064139
0.033723643,0.667437106,0.08815215,0.210687101
0.033717388,0.667375134,0.088176531,0.210730946
0.033711085,0.667311311,0.088203495,0.21077411
0.033704634,0.667247875,0.088233886,0.210813606
0.0336989,0.667186185,0.088266926,0.210847989
0.033694255,0.667124211,0.088302151,0.210879383
0.033690315,0.667060584,0.088340298,0.210908803
0.033687554,0.666992397,0.088383719,0.21093633
0.033686054,0.666917961,0.088433534,0.210962451
0.033684834,0.666840062,0.088487032,0.210988072
0.033683196,0.666756967,0.088542354,0.211017483
0.033680839,0.666663851,0.088602036,0.211053274
0.033677792,0.666562036,0.088667228,0.211092944
0.033674701,0.66645411,0.088734736,0.211136454
0.033672337,0.666342992,0.088800702,0.211183968
0.033670664,0.666233308,0.088864033,0.211231995
0.033668857,0.666121646,0.088926625,0.211282871
0.033665975,0.666001109,0.088989777,0.211343138
0.033661383,0.665873255,0.089051877,0.211413484
0.033655145,0.665742029,0.089110517,0.211492309
0.033647835,0.665608129,0.089164898,0.211579139
0.033640142,0.665476105,0.089215046,0.211668707
0.033632773,0.665352778,0.089260717,0.211753733
0.033626034,0.665235818,0.089302132,0.211836016
0.033619685,0.665114486,0.089340411,0.211925418
0.033613242,0.664982269,0.089376183,0.212028307
0.033606461,0.664843284,0.089408804,0.212141451
0.03359954,0.664704079,0.089438554,0.212257827
0.033592722,0.664567014,0.08946669,0.212373574
0.03358616,0.664433233,0.089493309,0.212487298
0.033580047,0.664302064,0.089518159,0.21259973
0.033574378,0.664169716,0.089542579,0.212713326
0.033568817,0.664033249,0.089569889,0.212828044
0.033562985,0.663890778,0.089604475,0.212941762
0.033556646,0.663741094,0.089650468,0.213051792
0.033549738,0.663582469,0.089709512,0.213158281
0.03354219,0.663410854,0.089777668,0.213269288
0.0335339,0.663224399,0.089850073,0.213391628
0.033524831,0.663026335,0.089928708,0.213520126
0.033514993,0.662823938,0.090017115,0.213643955
0.03350438,0.662623473,0.090114238,0.213757908
0.033492972,0.662426016,0.090217452,0.21386356
0.033480944,0.662229997,0.090324714,0.213964345
0.033468377,0.662036612,0.090433608,0.214061402
0.033455079,0.661851484,0.090540565,0.214152871
0.03344127,0.661674496,0.090644229,0.214240005
0.033427323,0.661495197,0.090748274,0.214329207
0.03341316,0.661304563,0.090856589,0.214425688
0.03339852,0.661101349,0.090969592,0.214530539
0.033383403,0.660887846,0.091086624,0.214642128
0.033368165,0.660666094,0.091207885,0.214757856
0.033353097,0.660438526,0.091332929,0.214875448
0.033338047,0.660208235,0.091459339,0.214994379
0.033322992,0.65997684,0.091586816,0.215113352
0.033308282,0.659746001,0.091718779,0.215226938
0.033293723,0.659518868,0.091856881,0.215330528
0.033278839,0.659294068,0.092000934,0.215426159
0.033263424,0.659066875,0.09215069,0.21551901
0.033247405,0.65883939,0.092303613,0.215609592
0.033231151,0.658616661,0.092456661,0.215695527
0.033215128,0.658397672,0.092608966,0.215778234
0.03319946,0.658178864,0.092759957,0.215861719
0.033184338,0.657961036,0.092908025,0.215946601
0.033169862,0.657748948,0.09305221,0.216028979
0.033155153,0.657545674,0.093192305,0.216106868
0.033138948,0.657352219,0.093327211,0.216181622
0.033121228,0.657170638,0.093456047,0.216252086
0.033102871,0.656998195,0.093580017,0.216318918
0.033083916,0.656830766,0.093699767,0.216385551
0.033064153,0.656672816,0.09381423,0.216448801
0.033044588,0.656525847,0.093923762,0.216505803
0.033026296,0.656383004,0.094030411,0.216560289
0.033009192,0.656241748,0.094135932,0.216613128
0.032992565,0.656106152,0.094240541,0.216660741
0.032976056,0.655979316,0.09434319,0.216701438
0.032959822,0.655859626,0.094443524,0.216737028
0.032943681,0.65574313,0.094542738,0.216770452
0.032926979,0.655626958,0.094642047,0.216804016
0.032909552,0.655508986,0.094741309,0.216840153
0.03289175,0.65538986,0.094839234,0.216879156
0.032873713,0.65527399,0.094934976,0.216917321
0.032855324,0.655163645,0.09502914,0.216951891
0.032836692,0.655057115,0.095122221,0.216983971
0.032818148,0.654950844,0.095214423,0.217016585
0.032799963,0.654842215,0.095306634,0.217051189
0.032782617,0.654731569,0.095399565,0.217086249
0.032766227,0.654619377,0.095494474,0.217119922
0.032750022,0.65450506,0.095592881,0.217152036
0.032733143,0.654390366,0.095693878,0.217182613
0.032715169,0.654282303,0.095793799,0.217208728
0.032696031,0.654186169,0.095889724,0.217228077
0.032676097,0.654096208,0.095982614,0.217245081
0.032655975,0.654005806,0.096074165,0.217264054
0.032635807,0.653917408,0.096163925,0.21728286
0.032615359,0.653835625,0.096251103,0.217297913
0.032594492,0.653762561,0.096335355,0.217307592
0.032573362,0.65369685,0.09641713,0.217312658
0.032552269,0.653633881,0.096498216,0.217315633
0.032531192,0.653569984,0.096580647,0.217318177
0.032510092,0.653503767,0.096666098,0.217320043
0.032489615,0.653432288,0.096755774,0.217322324
0.03247047,0.653352571,0.096849475,0.217327485
0.03245261,0.653266889,0.096945571,0.21733493
0.032435396,0.653181281,0.097041526,0.217341797
0.032418169,0.653102654,0.09713464,0.217344537
0.032400906,0.653032574,0.097224156,0.217342364
0.032384138,0.652963717,0.097311431,0.217340714
0.032368192,0.652892233,0.097397275,0.2173423
0.032352567,0.652822435,0.097482542,0.217342456
0.032336432,0.652755325,0.097570532,0.217337711
0.032319573,0.652685897,0.09766552,0.217329009
0.032302084,0.65261009,0.097770055,0.21731777
0.032283977,0.652527906,0.097884141,0.217303976
0.032265706,0.652440224,0.098006224,0.217287847
0.032248197,0.652346814,0.098133941,0.217271048
0.032231908,0.652249587,0.098264182,0.217254322
0.032216318,0.652151772,0.098395462,0.217236448
0.032200917,0.652053433,0.098529269,0.217216381
0.032186006,0.651953017,0.098667111,0.217193866
0.032171958,0.65184963,0.098808912,0.2171695
0.032158413,0.651745221,0.098952428,0.217143938
0.032144611,0.651643603,0.099094058,0.217117727
0.032130472,0.651543916,0.09923277,0.217092842
0.032116342,0.651444536,0.099369954,0.217069169
0.032102035,0.651349025,0.099506772,0.217042167
0.032087066,0.6512602,0.099643831,0.217008904
0.032071198,0.651176251,0.09978142,0.216971132
0.032054296,0.651101622,0.0999171,0.216926982
0.032036001,0.651045176,0.100046914,0.216871909
0.032017131,0.651002003,0.100172072,0.216808794
0.031999888,0.650959871,0.100297084,0.216743157
0.031984788,0.650915542,0.100423517,0.216676153
0.031970531,0.650874611,0.100549571,0.216605287
0.031956813,0.650841736,0.100673488,0.216527963
0.031944748,0.650811687,0.100796634,0.21644693
0.031935124,0.650775156,0.100920281,0.216369439
0.031927337,0.650730949,0.101042052,0.216299662
0.031920205,0.650684597,0.101160341,0.216234857
0.031912947,0.650638751,0.101277304,0.216170997
0.031905326,0.65059138,0.101394666,0.216108628
0.03189735,0.650541759,0.101511667,0.216049225
0.03188887,0.650492477,0.101627145,0.215991508
0.031879789,0.650444834,0.101741113,0.215934264
0.031870493,0.650397009,0.101854173,0.215878324
0.031861535,0.650349343,0.101965123,0.215823999
0.031853124,0.65030614,0.102072025,0.21576871
0.031844965,0.650269104,0.102176471,0.21570946
0.031836769,0.6502333,0.1022829,0.215647032
0.031828713,0.650194519,0.102393496,0.215583273
0.031820816,0.650157951,0.102505419,0.215515813
0.031812594,0.650131082,0.102614989,0.215441335
0.031803831,0.650111545,0.102724257,0.215360367
0.031794988,0.650093221,0.102837716,0.215274075
0.031786284,0.650078311,0.102954191,0.215181213
0.031777259,0.6500688,0.103069049,0.215084892
0.031767505,0.650059073,0.103180203,0.214993218
0.031756792,0.650047963,0.103287005,0.21490824
0.031744983,0.650042725,0.103388404,0.214823889
0.031732394,0.65004609,0.103484512,0.214737004
0.031719128,0.650051837,0.103576945,0.21465209
0.031705174,0.650054716,0.103667413,0.214572697
0.031691184,0.650054503,0.103756788,0.214497525
0.031677173,0.650055361,0.103844361,0.214423106
0.031662509,0.650059104,0.103930056,0.21434833
0.031647096,0.650060402,0.104016196,0.214276305
0.031630953,0.650057503,0.104104851,0.214206692
0.031614106,0.650052799,0.104198039,0.214135056
0.031596954,0.650047027,0.104297068,0.214058951
0.03158023,0.650044398,0.104398851,0.213976522
0.031564385,0.650049113,0.104498892,0.213887611
0.031548996,0.650058946,0.104595714,0.213796343
0.03153344,0.65006925,0.104689754,0.213707556
0.031517483,0.650080026,0.104780817,0.213621674
0.03150073,0.650098845,0.104866852,0.213533573
0.031483262,0.650127794,0.10494829,0.213440653
0.03146604,0.650163531,0.105027703,0.213342726
0.031449499,0.650209035,0.105105103,0.213236363
0.031433537,0.650262616,0.105183339,0.213120508
0.031418319,0.650316968,0.105266817,0.212997897
0.031403924,0.650368078,0.105354177,0.212873821
0.031389811,0.650415129,0.105441397,0.212753663
0.03137527,0.650461819,0.1055267,0.212636212
0.031360048,0.650514853,0.105609816,0.212515283
0.031344223,0.650577919,0.105690316,0.212387542
0.031327943,0.650645732,0.105768335,0.21225799
0.031311417,0.650708996,0.105844181,0.212135407
0.03129499,0.650766061,0.105916961,0.212021987
0.03127878,0.650823299,0.105985559,0.211912362
0.031262882,0.650883546,0.106051118,0.211802454
0.031247817,0.650942913,0.106116572,0.211692698
0.031233487,0.651000152,0.10618368,0.21158268
0.031218794,0.651057339,0.10625271,0.211471158
0.031202848,0.65111206,0.106324203,0.211360889
0.031185691,0.651157968,0.106399222,0.211257119
0.031167604,0.651194452,0.106477372,0.211160573
0.031148689,0.651227374,0.106557099,0.211066838
0.031129169,0.651259954,0.106637894,0.210972983
0.031109221,0.651292261,0.106718778,0.21087974
0.031088851,0.651324245,0.106798083,0.210788821
0.03106807,0.651355323,0.10687563,0.210700978
0.031046983,0.651384332,0.106952368,0.210616317
0.03102622,0.651411597,0.107029088,0.210533095
0.031006961,0.651439891,0.107104704,0.210448444
0.03098948,0.651470301,0.107177128,0.210363091
0.030973073,0.651501229,0.107246106,0.210279593
0.03095771,0.651532397,0.107312029,0.210197864
0.03094386,0.651568569,0.107373993,0.210113578
0.030931167,0.651614805,0.107431084,0.210022944
0.030918771,0.651667866,0.107484542,0.209928821
0.030906216,0.651722687,0.107536981,0.209834116
0.030893469,0.651780246,0.107589281,0.209737004
0.030880798,0.651840399,0.107640649,0.209638154
0.030868219,0.651898092,0.107690739,0.20954295
0.030855068,0.651948373,0.10774003,0.209456529
0.030840747,0.65198894,0.107789081,0.209381232
0.030825209,0.652019393,0.107838491,0.209316907
0.030808641,0.652039545,0.107890697,0.209261117
0.030791262,0.652049955,0.107949613,0.20920917
0.030773448,0.652052606,0.108015484,0.209158462
0.030755574,0.652049777,0.10808387,0.20911078
0.030737697,0.652044153,0.108151944,0.209066206
0.030719581,0.652038518,0.108219891,0.20902201
0.030700923,0.652035183,0.108286267,0.208977627
0.030681551,0.652035891,0.108348631,0.208933928
0.030661433,0.652041628,0.10840627,0.20889067
0.030640547,0.65205069,0.108460222,0.208848541
0.030619132,0.652057793,0.108513369,0.208809706
0.030597778,0.652059779,0.108568605,0.208773838
0.030576616,0.652057859,0.108627561,0.208737964
0.030555421,0.652052822,0.108689784,0.208701973
0.030534256,0.652044905,0.108752332,0.208668506
0.030513,0.652036565,0.10881342,0.208637015
0.030491391,0.652029547,0.10887448,0.208604583
0.030469799,0.652022602,0.108937321,0.208570277
0.030449341,0.652013064,0.109002698,0.208534897
0.030430944,0.651996477,0.109071608,0.208500971
0.03041414,0.651969323,0.109144001,0.208472536
0.030397494,0.6519334,0.109217104,0.208452002
0.030380418,0.651894694,0.10928732,0.208437568
0.030363491,0.651860975,0.109352318,0.208423217
0.030347415,0.651836501,0.109411839,0.208404244
0.030332738,0.651817039,0.109468665,0.208381558
0.030319455,0.651795754,0.109526924,0.208357866
0.030306505,0.651772149,0.109588455,0.208332891
0.030293055,0.651749787,0.109652926,0.208304232
0.030279628,0.651728331,0.109720389,0.208271652
0.03026694,0.651704035,0.109790913,0.208238112
0.030255081,0.651673851,0.109862895,0.208208173
0.030243708,0.651639724,0.109933361,0.208183206
0.030232226,0.651609168,0.110000161,0.208158445
0.030220306,0.65158606,0.110063843,0.20812979
0.030208015,0.651569965,0.110125121,0.208096899
0.030195599,0.651559704,0.11018324,0.208061458
0.030183216,0.651553095,0.110238244,0.208025445
0.030170763,0.651553597,0.110290465,0.207985175
0.030158329,0.651566549,0.110339053,0.207936069
0.030146408,0.651587895,0.110383857,0.20788184
0.030135145,0.651610812,0.11042656,0.207827482
0.03012412,0.651633635,0.110469069,0.207773176
0.030113193,0.651655661,0.110512224,0.207718923
0.03010257,0.651676434,0.110555161,0.207665834
0.03009215,0.651696152,0.110596682,0.207615016
0.030081556,0.651714518,0.110636975,0.207566952
0.030070573,0.651733658,0.110676383,0.207519386
0.030059024,0.651758184,0.110713845,0.207468947
0.03004673,0.651787584,0.110748489,0.207417197
0.030033663,0.651813777,0.11078227,0.20737029
0.030020024,0.651830466,0.110817434,0.207332076
0.030006196,0.651840859,0.110853013,0.207299932
0.029992304,0.651854622,0.110887902,0.207265173
0.029978087,0.651877347,0.110922241,0.207222325
0.02996362,0.651905217,0.110955746,0.207175417
0.029949562,0.65193461,0.110989008,0.20712682
0.029936077,0.651969155,0.111022232,0.207072536
0.029922518,0.652011584,0.111053773,0.207012125
0.029908444,0.652059023,0.11108286,0.206949673
0.029894359,0.652106895,0.111111124,0.206887622
0.029880889,0.652152608,0.111139871,0.206826632
0.029867942,0.652194706,0.111168588,0.206768764
0.029855472,0.652230107,0.1111972,0.206717222
0.029843583,0.65225464,0.111226598,0.206675179
0.029831739,0.652265395,0.11125798,0.206644886
0.029819115,0.652261633,0.111293137,0.206626114
0.029805539,0.652246778,0.111331952,0.206615731
0.029791478,0.652227426,0.111372319,0.206608776
0.02977749,0.652205926,0.111414722,0.206601863
0.029763486,0.652183513,0.1114605,0.206592501
0.029748797,0.652168276,0.111506904,0.206576022
0.029733153,0.652169364,0.111548318,0.206549165
0.029716821,0.652186204,0.111582147,0.206514828
0.029700064,0.65221066,0.111611048,0.206478229
0.029682742,0.6522397,0.111638542,0.206439016
0.029664471,0.65227578,0.111666758,0.206392991
0.029645034,0.652319122,0.111697758,0.206338086
0.029624527,0.652365854,0.111733716,0.206275902
0.029603428,0.652409211,0.111776381,0.20621098
0.029582261,0.652445415,0.111825904,0.20614642
0.029561264,0.652475863,0.111879244,0.206083629
0.029540764,0.652499715,0.111933412,0.206026108
0.029521067,0.652512466,0.111989664,0.205976803
0.029502076,0.652513038,0.11205048,0.205934407
0.029483606,0.652509075,0.112114208,0.205893111
0.02946558,0.652512115,0.112176201,0.205846103
0.029447858,0.652522741,0.112234992,0.205794409
0.029430093,0.652531797,0.112291198,0.205746911
0.029411946,0.652533079,0.112344292,0.205710683
0.029393401,0.652522572,0.112395454,0.205688573
0.029374655,0.65249978,0.112446964,0.205678601
0.029355918,0.652474042,0.112498252,0.205671787
0.029337485,0.652456389,0.112547141,0.205658984
