0.033659191,0.753507073,0.035762104,0.177071632
0.033682466,0.753417251,0.035788825,0.177111457
0.033705218,0.753333368,0.035815709,0.177145706
0.033727218,0.753256906,0.035842097,0.17717378
0.033748205,0.753194953,0.035866368,0.177190475
0.033769011,0.753147475,0.03588809,0.177195423
0.033790091,0.753101627,0.03590944,0.177198842
0.03381072,0.753045572,0.035932661,0.177211047
0.033829433,0.752982796,0.035957459,0.177230311
0.033845161,0.7529262,0.035982443,0.177246196
0.033858517,0.75287931,0.036007162,0.177255011
0.033870775,0.752838865,0.0360314,0.177258961
0.033882142,0.752807581,0.036055079,0.177255198
0.033891982,0.752786798,0.036079227,0.177241992
0.033899996,0.75277539,0.03610402,0.177220593
0.03390692,0.752771138,0.036127788,0.177194154
0.033913828,0.752766715,0.036149569,0.177169888
0.03392099,0.75275606,0.036169871,0.177153079
0.033927946,0.752737155,0.036188904,0.177145994
0.033934422,0.752706619,0.036206023,0.177152936
0.033940148,0.752657914,0.036220493,0.177181445
0.033945056,0.752585738,0.036232139,0.177237067
0.033950118,0.75249622,0.036241147,0.177312516
0.033956078,0.752404278,0.036247772,0.177391872
0.033961897,0.752317748,0.036251776,0.177468579
0.033965145,0.752239362,0.036251719,0.177543774
0.033964245,0.752170893,0.036246867,0.177617995
0.033960106,0.752104623,0.036239541,0.177695729
0.03395446,0.752037317,0.036232525,0.177775697
0.033948132,0.751980039,0.036226073,0.177845756
0.033941658,0.75193644,0.03621951,0.177902393
0.033935346,0.751902199,0.036211815,0.17795064
0.033929122,0.751875452,0.036201897,0.177993528
0.033923185,0.751852333,0.036190526,0.178033957
0.033917915,0.751828777,0.036179503,0.178073805
0.033913444,0.751804222,0.036169252,0.178113082
0.033909993,0.751779609,0.036158687,0.178151712
0.033908084,0.751754387,0.036147057,0.178190472
0.033907601,0.751727395,0.036134511,0.178230493
0.033907869,0.751698436,0.036121011,0.178272684
0.033908966,0.751663797,0.036105948,0.178321289
0.033911583,0.751615155,0.036089414,0.178383848
0.033915661,0.751550413,0.036072671,0.178461255
0.033920398,0.751477062,0.036056768,0.178545771
0.033925269,0.751402556,0.03604164,0.178630536
0.033929818,0.751330475,0.036026198,0.178713509
0.033933624,0.75125728,0.036009407,0.178799689
0.033936488,0.75117125,0.035990928,0.178901333
0.033938494,0.751060344,0.035970908,0.179030255
0.033940514,0.75092231,0.035949687,0.179187489
0.033943598,0.750769514,0.035927434,0.179359454
0.03394752,0.750613689,0.035904193,0.179534598
0.033951304,0.75045517,0.035879388,0.179714138
0.033954946,0.750289361,0.035853004,0.179902688
0.033958572,0.750109427,0.035827288,0.180104713
0.03396143,0.749914882,0.035804269,0.180319419
0.033962747,0.749716953,0.035783071,0.180537229
0.033962553,0.749528589,0.035761235,0.180747623
0.03396177,0.749352612,0.035738079,0.180947539
0.033960972,0.74918339,0.035714915,0.181140723
0.033959807,0.749018263,0.03569213,0.181329799
0.033957859,0.748857666,0.035668729,0.181515746
0.033954757,0.748700826,0.035644564,0.181699854
0.03395012,0.748548179,0.035620949,0.181880753
0.033944454,0.748399779,0.035599236,0.182056531
0.033938703,0.748253173,0.035578886,0.182229237
0.033932098,0.74810832,0.035557563,0.182402019
0.033923379,0.74796597,0.035534536,0.182576115
0.033913777,0.747824805,0.03551193,0.182749488
0.033905228,0.747681095,0.035491741,0.182921936
0.033896977,0.747533926,0.035473276,0.183095821
0.033886901,0.747396819,0.035453827,0.183262453
0.03387442,0.74728637,0.035430905,0.183408306
0.033860455,0.747200457,0.035404249,0.183534838
0.03384632,0.747123346,0.035375626,0.183654708
0.033832922,0.747044968,0.035346862,0.183775248
0.033821559,0.746964432,0.035318951,0.183895058
0.033814301,0.746879356,0.035291973,0.18401437
0.033811118,0.746783171,0.035265378,0.184140333
0.033809163,0.746675943,0.035238373,0.18427652
0.033806134,0.746568091,0.035210102,0.184415673
0.033801626,0.746465661,0.035180307,0.184552406
0.033796655,0.746359248,0.035150504,0.184693592
0.03379287,0.74623983,0.035122472,0.184844828
0.033790241,0.746114831,0.035095526,0.184999401
0.033787773,0.745995814,0.035067818,0.185148595
0.033785263,0.745886971,0.035038321,0.185289445
0.033782605,0.745787808,0.035006262,0.185423326
0.033779897,0.745689805,0.034971719,0.185558578
0.033777477,0.745582482,0.034936514,0.185703528
0.03377524,0.745468589,0.034902883,0.185853289
0.033772613,0.7453563,0.034871612,0.185999475
0.033769166,0.745246102,0.034841518,0.186143214
0.033765235,0.745138013,0.034811443,0.186285309
0.033761405,0.745038177,0.034781348,0.186419069
0.033757869,0.744951009,0.034750948,0.186540174
0.033754587,0.744869909,0.034720185,0.186655319
0.033751126,0.744784939,0.034690007,0.186773928
0.03374669,0.744699112,0.034660676,0.186893521
0.033740932,0.744621961,0.034631057,0.18700605
0.033734372,0.744553516,0.034600459,0.187111653
0.03372785,0.744487248,0.034569865,0.187215037
0.033722121,0.744419047,0.034541107,0.187317725
0.033717789,0.744346175,0.03451531,0.187420726
0.033714516,0.744264123,0.034492427,0.187528934
0.033711691,0.744171212,0.03447247,0.187644627
0.033710173,0.744070884,0.034455676,0.187763267
0.033711694,0.743967466,0.034441358,0.187879483
0.033716809,0.743866344,0.034427668,0.187989179
0.033724291,0.74377276,0.03441259,0.188090359
0.033732673,0.743684401,0.034395873,0.188187054
0.033741892,0.743593216,0.034378966,0.188285926
0.033752229,0.743495515,0.034362943,0.188389313
0.033763257,0.74339213,0.034348186,0.188496426
0.033774682,0.743284925,0.034334728,0.188605664
0.033786039,0.743177901,0.034322188,0.188713872
0.033796545,0.743075095,0.034310359,0.188818001
0.033805782,0.742978966,0.034299435,0.188915818
0.033813629,0.742891879,0.034289946,0.189004546
0.033820359,0.742809714,0.034282868,0.189087059
0.033826371,0.742722931,0.034278341,0.189172357
0.033831655,0.74263031,0.0342755,0.189262535
0.033836549,0.742539289,0.034274064,0.189350099
0.033842461,0.742458008,0.03427346,0.189426071
0.033850716,0.742391052,0.034271979,0.189486253
0.033861181,0.742336479,0.034268373,0.189533967
0.033872529,0.742291135,0.034262361,0.189573974
0.033883619,0.742261716,0.034253057,0.189601608
0.033894439,0.742258458,0.034239168,0.189607934
0.033905369,0.742275386,0.034222065,0.189597181
0.033915805,0.7423008,0.034205089,0.189578305
0.033924284,0.742337717,0.034189955,0.189548044
0.033929926,0.742389598,0.034176795,0.189503681
0.033932909,0.742451933,0.034164749,0.18945041
0.033934368,0.742520839,0.034152711,0.189392083
0.033935848,0.742593046,0.034140779,0.189330327
0.033937476,0.742667512,0.034128747,0.189266265
0.033938301,0.742744125,0.034115999,0.189201575
0.033938042,0.742822518,0.03410309,0.18913635
0.033936495,0.742906509,0.034090368,0.189066628
0.033933932,0.742995843,0.034078617,0.188991608
0.033931703,0.743082934,0.034070232,0.188915131
0.033930398,0.743164515,0.034066523,0.188838565
0.033929169,0.743246224,0.034065535,0.188759071
0.0339266,0.743339449,0.034064028,0.188669922
0.03392125,0.743454955,0.034060834,0.188562961
0.033912923,0.743592959,0.034056824,0.188437293
0.033903353,0.743741169,0.034053178,0.188302301
0.033893944,0.743886764,0.034050405,0.188168887
0.033884513,0.744024501,0.034049073,0.188041914
0.033874508,0.744156321,0.034050277,0.187918895
0.033863544,0.744288539,0.034054088,0.187793829
0.033851947,0.744422701,0.034059573,0.187665779
0.033841228,0.74455685,0.034065643,0.187536279
0.033833142,0.744697409,0.034070471,0.187398978
0.033828538,0.744852307,0.034072227,0.187246928
0.033827031,0.745017046,0.034071335,0.187084588
0.033826859,0.745177937,0.034069761,0.186925443
0.033826298,0.74532685,0.034067433,0.186779419
0.033825804,0.745467741,0.034062819,0.186643636
0.033826841,0.745608688,0.034055741,0.186508731
0.033829721,0.74575499,0.03404661,0.186368679
0.033833932,0.74590791,0.034035796,0.186222363
0.033839309,0.746063696,0.034024434,0.186072562
0.033845687,0.746216168,0.034013267,0.185924878
0.033851918,0.746362144,0.034001461,0.185784478
0.033857074,0.746501834,0.033987935,0.185653156
0.033861492,0.74664053,0.033972842,0.185525137
0.033865459,0.746786518,0.033957642,0.185390381
0.033868605,0.746939334,0.033944249,0.185247812
0.033870719,0.747090255,0.033933816,0.18510521
0.033871871,0.747233708,0.033926147,0.184968274
0.03387195,0.747371054,0.033919874,0.184837122
0.033871275,0.747510825,0.033912895,0.184705005
0.033871066,0.747660315,0.033903464,0.184565155
0.033872089,0.747815205,0.033891249,0.184421456
0.033873936,0.747968666,0.033877466,0.184279932
0.033876044,0.748116744,0.033863345,0.184143867
0.033877911,0.74825501,0.033848156,0.184018923
0.033878916,0.748381757,0.033830952,0.183908374
0.033879052,0.748500821,0.033812785,0.183807343
0.033878407,0.748618737,0.033795244,0.183707612
0.033876658,0.748736367,0.033778803,0.183608171
0.033874468,0.748848589,0.033763204,0.183513739
0.033873316,0.748953397,0.033748016,0.18342527
0.033873699,0.749056014,0.033732448,0.183337838
0.033874937,0.749160868,0.03371596,0.183248235
0.033876128,0.749263583,0.033698965,0.183161324
0.033877041,0.749355755,0.033682394,0.18308481
0.033878962,0.749433982,0.03366719,0.183019865
0.033884035,0.749499253,0.03365399,0.182962722
0.033892779,0.749554253,0.033642948,0.18291002
0.033902832,0.749609322,0.0336336,0.182854247
0.033910694,0.74968247,0.033623809,0.182783026
0.033914332,0.749785994,0.033610994,0.182688679
0.033914282,0.749909547,0.033596248,0.182579923
0.033911667,0.750032992,0.033582866,0.182472475
0.03390579,0.750160672,0.033570498,0.182363041
0.033895742,0.750308494,0.033556059,0.182239704
0.03388188,0.750469423,0.033539321,0.182109377
0.033865684,0.750623229,0.033523241,0.181987846
0.033849522,0.750761159,0.033509853,0.181879466
0.033834775,0.750887739,0.033498497,0.181778989
0.033820828,0.751008332,0.033487401,0.181683438
0.03380625,0.751123829,0.033475449,0.181594472
0.033790125,0.751234747,0.033462579,0.18151255
0.033772691,0.751339329,0.033449465,0.181438515
0.03375577,0.751438175,0.033436241,0.181369814
0.033741986,0.751537409,0.033422197,0.181298408
0.033732497,0.751637758,0.033407351,0.181222395
0.033726387,0.751737011,0.033392368,0.181144233
0.033721828,0.751836687,0.033377537,0.181063948
0.033717321,0.751939188,0.033362762,0.180980729
0.033712439,0.752043408,0.033347938,0.180896215
0.033707384,0.752143815,0.033332927,0.180815874
0.033702389,0.752236325,0.033317614,0.180743672
0.033697384,0.752321122,0.033302292,0.180679202
0.033691886,0.752403957,0.033286934,0.180617223
0.033685425,0.752492663,0.033270558,0.180551354
0.033678249,0.752585729,0.033253238,0.180482784
0.033670693,0.752678317,0.033236801,0.180414189
0.033662408,0.752772529,0.033222502,0.180342561
0.033653413,0.752868399,0.033210881,0.180267306
0.03364428,0.752961632,0.033202322,0.180191766
0.033635453,0.753049841,0.033196306,0.1801184
0.033627186,0.753131957,0.033192151,0.180048705
0.033619259,0.753207366,0.033189582,0.179983793
0.033611083,0.753272771,0.033187843,0.179928302
0.033602348,0.753323737,0.033185669,0.179888246
0.033593311,0.75336315,0.033182417,0.179861123
0.033584526,0.753398015,0.033178192,0.179839268
0.033576239,0.753433459,0.033172865,0.179817438
0.033568214,0.753474925,0.033166513,0.179790348
0.033560246,0.753524254,0.03316031,0.179755191
0.033552835,0.753576279,0.033155354,0.179715532
0.03354715,0.753623689,0.033151164,0.179677997
0.033543938,0.753659872,0.033147034,0.179649156
0.033542653,0.753683073,0.033143463,0.179630811
0.033541457,0.753700922,0.033139924,0.179617697
0.033538734,0.753722765,0.033135353,0.179603148
0.03353493,0.753745899,0.033130902,0.179588269
0.033530823,0.75376668,0.033126775,0.179575722
0.033525108,0.753796139,0.03312042,0.179558332
0.033516093,0.753841675,0.033110132,0.179532101
0.033504132,0.753893615,0.033096474,0.179505779
0.033490943,0.753942752,0.033080997,0.179485307
0.033477933,0.753992845,0.033064845,0.179464377
0.033465888,0.754048,0.033048465,0.179437647
0.033454848,0.754104515,0.033031532,0.179409105
0.033444041,0.754161457,0.03301312,0.179381382
0.033432786,0.75422532,0.032992902,0.179348992
0.03342112,0.754299685,0.032971367,0.179307828
0.033409436,0.754378642,0.032949102,0.17926282
0.033397957,0.754451817,0.032927128,0.179223099
0.033386645,0.754513071,0.032906649,0.179193635
0.033375703,0.754565643,0.03288764,0.179171014
0.033365218,0.754617466,0.032868988,0.179148328
0.033354552,0.754672915,0.032849762,0.17912277
0.033343337,0.754729859,0.032830031,0.179096773
0.033332059,0.754785569,0.032810381,0.179071991
0.033321124,0.754839167,0.032790988,0.179048721
0.033310453,0.754887526,0.032772296,0.179029725
0.033300267,0.754927875,0.032755681,0.179016176
0.033291221,0.754961359,0.032742214,0.179005206
0.033283958,0.754989854,0.032731826,0.178994362
0.033278331,0.755015192,0.032723386,0.17898309
0.033273362,0.755040292,0.032715141,0.178971204
0.033269101,0.755063518,0.032706658,0.178960722
0.033266559,0.755077244,0.032699743,0.178956454
0.033265757,0.755076629,0.032696335,0.178961279
0.033266056,0.755063444,0.032696855,0.178973646
0.033267347,0.75504399,0.032700049,0.178988614
0.033269512,0.755026748,0.032703299,0.179000441
0.03327217,0.755011793,0.032705195,0.179010842
0.033274987,0.754994498,0.032707017,0.179023497
0.033278017,0.754977035,0.032710632,0.179034315
0.03328201,0.754957047,0.032716769,0.179044175
0.033287258,0.754926935,0.032724999,0.179060808
0.033293078,0.75488688,0.03273446,0.179085582
0.033299698,0.75484051,0.032744094,0.179115699
0.03330856,0.754789558,0.032753033,0.179148849
0.033319638,0.7547351,0.032761389,0.179183874
0.033331429,0.75467477,0.032769424,0.179224377
0.033343014,0.754607615,0.03277637,0.179273001
0.033354264,0.754537703,0.032781619,0.179326414
0.033365695,0.754467929,0.03278633,0.179380046
0.033377916,0.754397455,0.032792048,0.179432581
0.033391113,0.754321674,0.032799003,0.179488211
0.033405402,0.754235408,0.032806457,0.179552733
0.033420749,0.754137917,0.032813891,0.179627443
0.033436896,0.754031692,0.032822053,0.179709359
0.03345345,0.753916941,0.032832044,0.179797565
0.033469768,0.753792815,0.032843484,0.179893933
0.033485785,0.753665557,0.03285504,0.179993619
0.033502469,0.753540363,0.032866209,0.180090959
0.033520474,0.753403808,0.032877951,0.180197767
0.033538734,0.753239383,0.032891634,0.180330249
0.033555648,0.753049701,0.032907391,0.18048726
0.03357075,0.75284982,0.032923467,0.180655964
0.033584035,0.752655208,0.032937478,0.180823278
0.033595589,0.752472047,0.032949047,0.180983317
0.033605902,0.752293847,0.032960174,0.181140077
0.033615003,0.752117926,0.032972123,0.181294947
0.033621966,0.751955797,0.032982899,0.181439338
0.03362637,0.751813039,0.032990214,0.181570377
0.033628563,0.75167988,0.032994814,0.181696743
0.033628958,0.751544022,0.032998661,0.181828359
0.033628092,0.75139897,0.033002937,0.18197
0.033626329,0.75124537,0.033007656,0.182120645
0.03362406,0.751086903,0.033012284,0.182276753
0.033621792,0.750927048,0.03301695,0.18243421
0.0336195,0.750770126,0.033021891,0.182588483
0.033617072,0.7506196,0.033026546,0.182736782
0.033614775,0.750474472,0.033030373,0.18288038
0.03361291,0.750331344,0.033033748,0.183021999
0.033611885,0.750189439,0.033037212,0.183161465
0.03361155,0.750052502,0.033040242,0.183295705
0.033611045,0.749923668,0.033041816,0.183423471
0.033610613,0.749800685,0.033041881,0.183546821
0.033611692,0.749680742,0.033040985,0.183666581
0.033614919,0.749561937,0.033039359,0.183783785
0.033619642,0.74944011,0.033037321,0.183902928
0.033624392,0.749318526,0.033034578,0.184022504
0.03362804,0.749209148,0.033029661,0.18413315
0.033630402,0.749116563,0.033021771,0.184231263
0.033631531,0.749035011,0.033011779,0.18432168
0.033631828,0.748959317,0.033000827,0.184408027
0.033632021,0.748888064,0.032989478,0.184490436
0.033632219,0.748819701,0.032978055,0.184570025
0.033631833,0.748756145,0.032965994,0.184646028
0.03363118,0.748697357,0.032952778,0.184718685
0.033630966,0.74864088,0.032938978,0.184789176
0.033630271,0.748592191,0.03292465,0.184852888
0.03362761,0.748556231,0.032909386,0.184906773
0.033622551,0.748533535,0.032892928,0.184950986
0.033616045,0.748519783,0.032875962,0.18498821
0.03360968,0.748502967,0.032860341,0.185027012
0.033604105,0.748475008,0.032846497,0.18507439
0.033598586,0.748439051,0.032832931,0.185129432
0.033592255,0.748402783,0.032818347,0.185186614
0.033584978,0.748370665,0.032802528,0.18524183
0.03357692,0.748342944,0.032786148,0.185293987
0.03356838,0.748317434,0.032770222,0.185343963
0.03355995,0.748289794,0.032755322,0.185394934
0.033552271,0.748257801,0.032741236,0.185448692
0.033545424,0.748225962,0.032726852,0.185501763
0.033538928,0.748198975,0.032711055,0.185551042
0.033532404,0.748174939,0.032693909,0.185598748
0.033526133,0.748150767,0.032675923,0.185647177
0.03352114,0.748127333,0.032656911,0.185694616
0.033518304,0.748105486,0.032636601,0.185739609
0.033517172,0.748084469,0.032615633,0.185782726
0.033516999,0.748062369,0.032594994,0.185825638
0.033517856,0.748034761,0.032574953,0.18587243
0.033519059,0.747997945,0.032555646,0.18592735
0.033519863,0.747951971,0.032538035,0.185990131
0.033520726,0.747898926,0.032522677,0.186057671
0.033521622,0.747837764,0.032508455,0.18613216
0.033522051,0.747764454,0.032494134,0.186219362
0.033522212,0.747678951,0.032479884,0.186318953
0.033522515,0.747587028,0.032466029,0.186424427
0.033522815,0.747494507,0.032452521,0.186530156
0.033522685,0.747402811,0.032440001,0.186634503
0.033521945,0.747313016,0.032428824,0.186736215
0.033520001,0.747228083,0.032417544,0.186834372
0.033516333,0.747145272,0.032404828,0.186933568
0.033511702,0.747060011,0.032391064,0.187037222
0.033506488,0.746978305,0.032376347,0.18713886
0.03350049,0.746906784,0.032360447,0.187232278
0.033495068,0.746840305,0.032344517,0.18732011
0.033491833,0.746771303,0.032330052,0.187406812
0.033490785,0.746699518,0.032317247,0.187492449
0.033491151,0.746630149,0.032304829,0.18757387
0.033492313,0.746565695,0.032291096,0.187650896
0.033493744,0.746499087,0.032275976,0.187731193
0.033495095,0.746423498,0.032260893,0.187820514
0.033496881,0.746344635,0.032246269,0.187912215
0.033500151,0.746272541,0.032231171,0.187996138
0.033505343,0.746209813,0.032215518,0.188069326
0.033512295,0.746151091,0.032200979,0.188135635
0.033520267,0.74609325,0.032188209,0.188198273
0.033527856,0.746042674,0.032175257,0.188254213
0.033534074,0.746009201,0.032159839,0.188296886
0.033538518,0.745996681,0.032141224,0.188323576
0.033541604,0.745996829,0.032120232,0.188341335
0.033544213,0.746003227,0.032097498,0.188355061
0.033545921,0.746023334,0.032072356,0.18835839
0.033546607,0.746057947,0.032044972,0.188350474
0.033547846,0.746094235,0.032017124,0.188340794
0.03355039,0.746122323,0.031990568,0.188336719
0.033553684,0.746139966,0.031966183,0.188340167
0.033558042,0.746149624,0.031943539,0.188348795
0.033564084,0.746155546,0.031921435,0.188358935
0.033571225,0.746158694,0.031899431,0.188370649
0.03357881,0.746156766,0.031877698,0.188386727
0.033586833,0.746148253,0.031855905,0.188409009
0.033595266,0.746135142,0.03183344,0.188436152
0.033603776,0.746123723,0.031809978,0.188462524
0.033611529,0.746120961,0.031785356,0.188482154
0.033617435,0.74613192,0.031759061,0.188491584
0.033620976,0.746158939,0.031730605,0.188489479
0.033622724,0.746198168,0.031700456,0.188478652
0.033623414,0.74624426,0.031669151,0.188463175
0.033622989,0.74629691,0.031636332,0.188443769
0.033621898,0.74635395,0.031602195,0.188421957
0.033621168,0.746410789,0.031567782,0.188400262
0.033620563,0.746469847,0.031533121,0.188376469
0.033618898,0.74653794,0.031497399,0.188345763
0.033616043,0.746615168,0.031460903,0.188307885
0.033612387,0.746697547,0.031424189,0.188265877
0.033607299,0.746785637,0.031386925,0.188220139
0.033601012,0.74687796,0.031349836,0.188171192
0.033594626,0.746971509,0.031314033,0.188119832
0.03358817,0.7470664,0.031279337,0.188066093
0.033581531,0.747156665,0.031246177,0.188015627
0.033574624,0.747231463,0.031216158,0.187977755
0.033567403,0.747284638,0.031190465,0.187957494
0.033559984,0.747319305,0.031168793,0.187951918
0.033552102,0.747347356,0.031149379,0.187951163
0.033544141,0.747378855,0.031130441,0.187946563
0.033536975,0.747413956,0.031111287,0.187937781
0.033530536,0.747448738,0.031091865,0.187928861
0.033524338,0.747481677,0.031071778,0.187922207
0.033518356,0.747513818,0.031050141,0.187917685
0.033512452,0.747546861,0.03102656,0.187914127
0.033506291,0.747578676,0.031001561,0.187913473
0.033499573,0.747606587,0.030975673,0.187918168
0.033492059,0.747636759,0.030948547,0.187922635
0.033484327,0.747677575,0.030919602,0.187918496
0.033477391,0.747726794,0.030889166,0.187906649
0.033471265,0.74777453,0.030858606,0.187895599
0.033464986,0.747813789,0.030829408,0.187891818
0.033458125,0.747844753,0.030802172,0.18789495
0.033451481,0.747869997,0.030776786,0.187901735
0.033445989,0.747889031,0.030752862,0.187912117
0.033441565,0.747901291,0.030729729,0.187927415
0.033437746,0.74791102,0.030706806,0.187944428
0.033434918,0.747921442,0.030684486,0.187959154
0.033433774,0.74792675,0.030663995,0.187975481
0.033434541,0.747919911,0.030645929,0.187999619
0.033436874,0.747905499,0.030629276,0.18802835
0.033439396,0.747893219,0.030612529,0.188054856
0.033440264,0.747883821,0.030595585,0.18808033
0.033439255,0.747869161,0.030579642,0.188111942
0.033436919,0.747848422,0.030565037,0.188149623
0.033433002,0.747832531,0.030550738,0.18818373
0.033428176,0.747827346,0.030535873,0.188208605
0.033423467,0.747834729,0.030519394,0.188222411
0.033418822,0.747853014,0.030500757,0.188227406
0.033414173,0.747875836,0.030480572,0.188229419
0.033410008,0.747903643,0.030459096,0.188227253
0.03340684,0.747938838,0.030436865,0.188217457
0.033404546,0.747981442,0.03041503,0.188198982
0.03340211,0.748032498,0.030393946,0.188171446
0.03339927,0.748089632,0.030373214,0.188137883
0.033397047,0.748152165,0.030352125,0.188098663
0.033395235,0.748227553,0.030329898,0.188047315
0.033392601,0.7483183,0.030306984,0.187982116
0.033389132,0.748416978,0.030284282,0.187909607
0.033385797,0.748519797,0.03026081,0.187833596
0.033383059,0.748630176,0.030234728,0.187752037
0.033380895,0.748746368,0.030206015,0.187666723
0.033379094,0.74885926,0.030176485,0.18758516
0.033376934,0.748965814,0.030147672,0.187509581
0.033374164,0.749075656,0.030119193,0.187430987
0.033371773,0.749199239,0.030089279,0.187339709
0.033370995,0.749332875,0.030057456,0.187238674
0.033371826,0.749466425,0.030025448,0.187136301
0.033373,0.749599295,0.029994173,0.187033532
0.033373713,0.749733062,0.02996286,0.186930365
0.03337353,0.749862171,0.029931211,0.186833088
0.033372631,0.749984163,0.029899437,0.186743769
0.033372119,0.750099367,0.029867437,0.186661077
0.033372045,0.750202787,0.029834935,0.186590233
0.033372152,0.750291325,0.029802008,0.186534515
0.033372871,0.750369421,0.029769541,0.186488167
0.03337459,0.75044306,0.02973843,0.186443919
0.033377291,0.750515453,0.029708343,0.186398913
0.033380598,0.750588844,0.02967837,0.186352188
0.033384897,0.750661313,0.029648246,0.186305544
0.033390536,0.750726948,0.02961794,0.186264576
0.033396443,0.750784101,0.029587894,0.186231562
0.033402117,0.750833712,0.029559343,0.186204828
0.03340856,0.75087369,0.029532982,0.186184769
0.033415992,0.750904195,0.02950838,0.186171433
0.033423749,0.750927496,0.029484461,0.186164294
0.033431277,0.750939425,0.029459985,0.186169313
0.033437775,0.750933024,0.02943452,0.186194681
0.033442724,0.750908121,0.029408947,0.186240209
0.033446506,0.750872834,0.029384318,0.186296342
0.03344971,0.750836757,0.029360683,0.18635285
0.033452172,0.750806712,0.029337218,0.186403898
0.033453421,0.75078569,0.029313147,0.186447742
0.03345367,0.750769182,0.029288345,0.186488803
0.033453355,0.750752764,0.029262763,0.186531118
0.03345245,0.75074141,0.02923572,0.186570419
0.033450654,0.75074091,0.029206462,0.186601973
0.033448082,0.750749229,0.029175355,0.186627333
0.033445709,0.750760325,0.029143805,0.18665016
0.033444054,0.750770416,0.029112443,0.186673087
0.033441901,0.750780673,0.02908086,0.186696566
0.033438329,0.750790027,0.029049825,0.18672182
0.033434083,0.750792297,0.029021009,0.18675261
0.033429466,0.750786392,0.028994259,0.186789882
0.033423859,0.750774723,0.02896785,0.186833569
0.033417045,0.750757194,0.028940614,0.186885147
0.033409292,0.750733234,0.028912515,0.186944958
0.033400942,0.750704012,0.028883721,0.187011324
0.033392316,0.750673563,0.028854192,0.187079928
0.033383455,0.750647393,0.028823658,0.187145494
0.033374199,0.75062967,0.028791767,0.187204363
0.033364828,0.750621365,0.028759094,0.187254713
0.033355739,0.750620299,0.028726977,0.187296986
0.033346748,0.750624491,0.028696202,0.187332558
0.033337406,0.750637,0.028666321,0.187359274
0.033327965,0.750662867,0.028636227,0.187372941
0.033319123,0.75070105,0.028605182,0.187374645
0.033310908,0.750741695,0.02857319,0.187374208
0.033303015,0.750773338,0.02854064,0.187383007
0.033296018,0.750794281,0.028507814,0.187401888
0.033290463,0.750807332,0.028474889,0.187427316
0.033285392,0.750807795,0.028442216,0.187464597
0.033279654,0.750790437,0.028410508,0.187519401
0.033273102,0.750759404,0.028380019,0.187587475
0.033266072,0.750721938,0.02835036,0.18766163
0.033259003,0.750680374,0.028321431,0.187739191
0.033252474,0.750636348,0.028293222,0.187817955
0.033247095,0.750593358,0.028266222,0.187893325
0.033242795,0.75055411,0.028241824,0.187961271
0.033238682,0.750520504,0.028220704,0.18802011
0.033234284,0.750490947,0.028202378,0.188072391
0.033229901,0.75046343,0.028185839,0.188120829
0.033225282,0.750443764,0.028169313,0.188161642
0.033219628,0.750438249,0.028151103,0.18819102
0.033212778,0.750440844,0.028131048,0.18821533
0.03320483,0.750442993,0.02810976,0.188242417
0.033195784,0.7504456,0.028087485,0.188271131
0.03318604,0.750450941,0.028064484,0.188298535
0.033176276,0.750458325,0.028040984,0.188324415
0.033167014,0.75046514,0.028017229,0.188350616
0.033158016,0.750465705,0.027993863,0.188382416
0.033148617,0.750454647,0.027971584,0.188425152
0.033138498,0.750430321,0.027950429,0.188480752
0.033127406,0.750394642,0.027929442,0.18854851
0.033115366,0.750348938,0.027908257,0.188627439
0.033102603,0.750294048,0.027887629,0.18871572
0.033088996,0.750237592,0.027867154,0.188806259
0.033074965,0.750190401,0.027845661,0.188888973
0.03306168,0.750151563,0.027823531,0.188963227
0.033049034,0.750113438,0.027801386,0.189036141
0.033035507,0.750075981,0.027778592,0.18910992
0.033020673,0.75003778,0.027754945,0.189186601
0.033005406,0.749992015,0.027731418,0.18927116
0.032990632,0.749937789,0.027709255,0.189362325
0.03297708,0.74987908,0.027689602,0.189454238
0.032964837,0.749817311,0.027673286,0.189544565
0.032953405,0.749752003,0.027660494,0.189634098
0.032942542,0.74968416,0.02765043,0.189722868
0.03293213,0.749616372,0.027641491,0.189810007
0.032921824,0.749549803,0.027632857,0.189895516
0.032911191,0.749484145,0.02762509,0.189979574
0.032899737,0.749419475,0.027618344,0.190062444
0.032887799,0.749356617,0.027611786,0.190143799
0.03287652,0.749294145,0.027605378,0.190223956
0.032865911,0.749228605,0.02760015,0.190305334
0.032854973,0.749162826,0.027596417,0.190385785
0.032843733,0.749106286,0.027592947,0.190457035
0.032832786,0.749067465,0.027587959,0.190511789
0.032821809,0.749048086,0.027580926,0.190549179
0.032809999,0.749043183,0.027572609,0.19057421
0.032797143,0.749047732,0.027563534,0.190591592
0.032783452,0.749063019,0.027553038,0.190600491
0.032769184,0.749091716,0.02754009,0.19059901
0.032754998,0.749129618,0.027524815,0.190590569
0.032741578,0.749167254,0.027508237,0.190582931
0.032728722,0.749196979,0.027491217,0.190583082
0.032716334,0.749221519,0.027473556,0.190588591
0.03270598,0.749249303,0.027454607,0.190590109
0.032699379,0.749278996,0.02743494,0.190586686
0.032696557,0.749302826,0.027415977,0.19058464
0.032696112,0.749321257,0.027398543,0.190584088
0.032696106,0.749342342,0.027382044,0.190579508
0.032694867,0.749374038,0.027364995,0.1905661
0.032691664,0.749420846,0.027346502,0.190540988
0.032686644,0.749479479,0.027326871,0.190507006
0.032680068,0.749538119,0.027307005,0.190474809
0.032672154,0.749593087,0.027286798,0.190447961
0.03266316,0.749659884,0.027264629,0.190412327
0.0326533,0.749752,0.02723924,0.190355461
0.032642902,0.749866056,0.027210934,0.190280108
0.032632551,0.749992703,0.027181364,0.190193382
0.032622765,0.750122443,0.027152133,0.19010266
0.032613943,0.750245923,0.027123435,0.1900167
0.032605954,0.750359594,0.02709466,0.189939791
0.032597956,0.750467283,0.027064986,0.189869775
0.0325897,0.75057433,0.027033957,0.189802013
0.032581254,0.75068352,0.027002262,0.189732964
0.03257178,0.750797905,0.026970614,0.189659701
0.032559923,0.750922669,0.026938499,0.189578909
0.032545117,0.751058302,0.026905231,0.18949135
0.032528178,0.751197717,0.026870778,0.189403327
0.032509836,0.751339157,0.026835113,0.189315894
0.032489969,0.751489797,0.026798147,0.189222087
0.032468543,0.751652835,0.026760223,0.189118399
0.032446312,0.751822883,0.026722105,0.1890087
0.032424583,0.751991868,0.026684147,0.188899401
0.032404027,0.752154761,0.026646279,0.188794933
0.032384605,0.752310602,0.026608884,0.188695909
0.032366358,0.752460364,0.026572386,0.188600892
0.032348726,0.752608151,0.02653617,0.188506953
0.032330447,0.752760228,0.026499103,0.188410222
0.032311393,0.752915534,0.026461347,0.188311727
0.032292097,0.753066843,0.026423614,0.188217446
0.032272952,0.753211535,0.026385775,0.188129738
0.0322555,0.753351772,0.026348038,0.18804469
0.032241173,0.753487499,0.026311258,0.187960069
0.03222985,0.753617276,0.026275582,0.187877292
0.032220493,0.753743449,0.02624036,0.187795698
0.032211534,0.753871105,0.026205099,0.187712262
0.032201966,0.7540028,0.026169708,0.187625527
0.03219233,0.754134739,0.026134639,0.187538292
0.032183712,0.754263192,0.026100508,0.187452588
0.032176202,0.754387737,0.026067114,0.187368946
0.032169575,0.754505991,0.02603385,0.187290584
0.032164069,0.754617296,0.026000644,0.187217992
0.032159501,0.754722194,0.025967451,0.187150854
0.032155945,0.754815571,0.025933776,0.187094708
0.032154006,0.75489248,0.025899252,0.187054261
0.032153238,0.754955337,0.025863647,0.187027779
0.032152613,0.755010361,0.025826833,0.187010193
0.032152313,0.755062567,0.025789211,0.186995909
0.032153062,0.755111123,0.025751687,0.186984128
0.03215405,0.755150556,0.025714948,0.186980446
0.032154059,0.755180952,0.025678558,0.186986431
0.032153516,0.755206838,0.02564237,0.186997276
0.032152856,0.75523154,0.025607588,0.187008016
0.032151597,0.755259302,0.025574586,0.187014514
0.032149327,0.755293658,0.025541884,0.187015131
0.032145484,0.755334428,0.025508108,0.18701198
0.032139745,0.75537832,0.025473491,0.187008443
0.032132886,0.755421733,0.025438798,0.187006582
0.032126993,0.755462533,0.025404345,0.187006129
0.032124581,0.755499353,0.02537041,0.187005656
0.032126463,0.755532289,0.025337095,0.187004153
0.032130976,0.75556422,0.025304004,0.1870008
0.032136572,0.755596115,0.025270757,0.186996555
0.032143393,0.755625475,0.02523748,0.186993652
0.032151261,0.755651471,0.025204844,0.186992424
0.032159299,0.755674971,0.025173222,0.186992507
0.032167082,0.755696047,0.025142247,0.186994624
0.03217452,0.75571208,0.025111851,0.187001549
0.032181583,0.755722298,0.025082281,0.187013838
0.032188239,0.755729645,0.025052905,0.187029211
0.032194101,0.755734663,0.025022627,0.187048609
0.032199,0.755737305,0.024991909,0.187071786
0.032203301,0.75573634,0.024962369,0.18709799
0.032206614,0.755729036,0.024934048,0.187130302
0.032208592,0.755717098,0.024905922,0.187168387
0.032210415,0.755702039,0.02487846,0.187209086
0.032213269,0.755680213,0.02485286,0.187253659
0.032217127,0.755648644,0.024829409,0.18730482
0.032221545,0.755609821,0.024807778,0.187360856
0.032225916,0.755568377,0.024787356,0.187418352
0.032229291,0.755529527,0.024767035,0.187474148
0.032231109,0.755498841,0.024745608,0.187524441
0.032231774,0.755475519,0.024722887,0.18756982
0.032231851,0.755455566,0.024699344,0.18761324
0.032231472,0.75543746,0.024675275,0.187655793
0.032230726,0.755418233,0.024651122,0.187699919
0.032229483,0.755397225,0.024626899,0.187746394
0.032227676,0.755379291,0.024602245,0.187790787
0.032226052,0.755367369,0.024577646,0.187828933
0.032225702,0.755357666,0.024553643,0.187862989
0.032226894,0.755343072,0.024529928,0.187900106
0.032228967,0.755318485,0.024505968,0.18794658
0.032231817,0.755283093,0.024481538,0.188003552
0.032236192,0.755241193,0.02445663,0.188065984
0.032242215,0.755202009,0.024430917,0.188124859
0.032249055,0.755169291,0.024403989,0.188177666
0.032255665,0.755136367,0.024376149,0.188231819
0.032261477,0.755099885,0.024348267,0.188290372
0.032266978,0.755061631,0.024321175,0.188350216
0.032272934,0.755021519,0.024295254,0.188410293
0.032279399,0.754979475,0.024270091,0.188471035
0.032286286,0.754936284,0.024245303,0.188532127
0.032293607,0.754891041,0.024221444,0.188593908
0.032300864,0.754842026,0.024198577,0.188658533
0.032307412,0.754793963,0.024175501,0.188723123
0.032313358,0.754753693,0.024151654,0.188781296
0.032319432,0.754718592,0.024127801,0.188834175
0.032326156,0.754682343,0.024104215,0.188887286
0.032332832,0.754645577,0.024080089,0.188941503
0.032338392,0.754612091,0.02405488,0.188994637
0.032343162,0.75457889,0.024028896,0.189049052
0.032347925,0.754540142,0.024002654,0.189109279
0.032353061,0.754495524,0.023976303,0.189175113
0.032358637,0.75444742,0.02395002,0.189243922
0.032364554,0.754398261,0.023923987,0.189313198
0.032370926,0.754349311,0.023898144,0.189381619
0.032377766,0.754299125,0.02387246,0.189450649
0.032385059,0.754245048,0.023846795,0.189523098
0.032392468,0.754184586,0.023820838,0.189602109
0.032399257,0.754115622,0.023794378,0.189690743
0.03240517,0.754036631,0.023767721,0.189790478
0.032410438,0.75394622,0.023742025,0.189901316
0.03241515,0.753841776,0.023718927,0.190024147
0.032418942,0.753721858,0.023699598,0.190159602
0.032421592,0.753592117,0.023683842,0.190302448
0.032423574,0.753460776,0.023669919,0.190445731
0.032425174,0.753329286,0.023656538,0.190589002
0.032426107,0.753192194,0.023644686,0.190737014
0.032426208,0.753044575,0.023635522,0.190893695
0.032425164,0.752888606,0.023628387,0.191057843
0.032423154,0.75272913,0.023621927,0.191225789
0.032421745,0.752568919,0.02361538,0.191393957
0.032422514,0.752409829,0.023608562,0.191559095
0.032425632,0.752254464,0.023601297,0.191718607
0.032430049,0.752107486,0.02359391,0.191868555
0.032434347,0.751971828,0.023587577,0.192006249
0.032438247,0.75184346,0.023583069,0.192135223
0.032443088,0.751719323,0.023579384,0.192258204
0.032449812,0.751601565,0.023575212,0.192373411
0.03245822,0.751487257,0.023571521,0.192483002
0.032467559,0.751371702,0.023570076,0.192590663
0.032476667,0.751252259,0.023571535,0.192699539
0.03248491,0.751121215,0.023576003,0.192817872
0.032492244,0.750974158,0.023582694,0.192950904
0.03249838,0.750820697,0.023590055,0.193090868
0.032503236,0.750670191,0.023597779,0.193228794
0.032507442,0.750520121,0.023606853,0.193365584
0.032511576,0.750366612,0.023617665,0.193504147
0.032515836,0.750208298,0.023629517,0.19364635
0.032520654,0.750043578,0.023641332,0.193794436
0.032526314,0.749872558,0.023652619,0.193948509
0.032532443,0.749697911,0.023663624,0.194106021
0.032538709,0.749524663,0.02367455,0.194262079
0.03254488,0.749356247,0.02368573,0.194413143
0.032551191,0.749190431,0.023697887,0.194560491
0.032558912,0.749023355,0.023711286,0.194706447
0.032568769,0.748854715,0.023725647,0.194850869
0.032579933,0.748682945,0.023741167,0.194995955
0.032591065,0.748502548,0.023758723,0.195147664
0.032601289,0.748312385,0.023778416,0.195307911
0.03261041,0.74811709,0.023799087,0.195473413
0.032618844,0.747920054,0.023820274,0.195640828
0.032627331,0.74772348,0.023842535,0.195806654
0.03263661,0.747529821,0.023865923,0.195967646
0.032647157,0.747338369,0.023890282,0.196124191
0.032658802,0.747145691,0.023915509,0.196279997
0.03267171,0.746948232,0.023941161,0.196438897
0.032687399,0.746745492,0.023967006,0.196600102
0.032707174,0.746541801,0.02399335,0.196757675
0.03273059,0.746338213,0.024021042,0.196910155
0.032755716,0.7461305,0.024051077,0.197062707
0.032781157,0.745918915,0.024083527,0.197216401
0.032807304,0.745706142,0.024117543,0.197369012
0.032834776,0.745489159,0.024152252,0.197523813
0.032864051,0.745265348,0.024186771,0.19768383
0.032895794,0.745038658,0.024220627,0.197844922
0.032929864,0.744810658,0.024254612,0.198004866
0.032964796,0.744578346,0.024289705,0.198167153
0.032999244,0.744340319,0.02432594,0.198334496
0.033033643,0.74409369,0.024363075,0.198509591
0.033069186,0.74383548,0.024401052,0.198694283
0.033106351,0.743568957,0.024439567,0.198885126
0.03314451,0.743301292,0.024478072,0.199076126
0.033182753,0.743037716,0.024516346,0.199263185
0.033220919,0.742780053,0.024554194,0.199444834
0.033258651,0.742530347,0.024590934,0.199620068
0.033295709,0.742289861,0.024625948,0.199788482
0.033333113,0.742054024,0.024659482,0.199953381
0.033371564,0.741817915,0.024692496,0.200118025
0.033410793,0.741580181,0.024725522,0.200283504
0.03345059,0.741340336,0.02475836,0.200450714
0.033490352,0.741102322,0.024790799,0.200616526
0.033529283,0.740871254,0.024822518,0.200776945
0.03356767,0.740643551,0.024853556,0.200935222
0.033606627,0.740409056,0.024885396,0.201098921
0.033646884,0.740161067,0.024919445,0.201272604
0.033688236,0.739902199,0.024955386,0.20145418
0.033730022,0.739640197,0.024991874,0.201637907
0.03377182,0.739379485,0.025028075,0.20182062
0.033813268,0.739121442,0.02506422,0.20200107
0.033853889,0.73886741,0.025100886,0.202177816
0.033893523,0.738616089,0.025138787,0.202351601
0.033932122,0.738362597,0.025178483,0.202526797
0.03396963,0.738098991,0.025220049,0.20271133
0.034006517,0.73782001,0.025263283,0.202910189
0.034043249,0.737531844,0.025307411,0.203117497
0.034079953,0.737242424,0.025351814,0.203325809
0.034116584,0.736951301,0.025396872,0.203535243
0.034152669,0.736656878,0.025442435,0.203748018
0.034187876,0.736358689,0.02548743,0.203966006
0.034222609,0.736054195,0.025531394,0.204191803
0.034257078,0.735742929,0.025574382,0.204425612
0.034290656,0.735430827,0.025616119,0.204662397
0.034322833,0.735125427,0.025656357,0.204895383
0.034353695,0.734829956,0.025695091,0.205121258
0.034383337,0.734542932,0.025732568,0.205341163
0.034411897,0.734257907,0.02576992,0.205560276
0.034439831,0.733968361,0.025808361,0.205783447
0.034467496,0.733674597,0.025848242,0.206009665
0.034494938,0.733379187,0.025889565,0.20623631
0.034521517,0.733084638,0.025931894,0.206461951
0.03454597,0.732798848,0.025974154,0.206681027
0.034567612,0.732530118,0.026015219,0.206887051
0.034587116,0.73227681,0.026055737,0.207080338
0.03460555,0.732031639,0.026097981,0.207264829
0.03462309,0.731790977,0.026142392,0.207443542
0.034639549,0.731554485,0.026187254,0.207618712
0.034655226,0.731322786,0.026231294,0.207790695
0.034670642,0.731097118,0.026274234,0.207958006
0.034686166,0.730878103,0.026316095,0.208119636
0.034702558,0.730663449,0.026357215,0.208276778
0.034720691,0.730448905,0.026398046,0.208432358
0.034740237,0.730232048,0.026438337,0.208589378
0.034760669,0.730014047,0.026477456,0.208747828
0.034782323,0.729796381,0.026515336,0.20890596
0.034804904,0.729577777,0.026552403,0.209064916
0.034827235,0.729359073,0.026588879,0.209224812
0.034848737,0.72914458,0.026624671,0.209382012
0.034870221,0.728932983,0.026660141,0.209536655
0.034892943,0.728717537,0.026695606,0.209693914
0.034916725,0.728496199,0.026730807,0.209856269
0.034940661,0.728273463,0.026765998,0.210019878
0.034964875,0.728052318,0.026801687,0.21018112
0.034989978,0.727827605,0.026838006,0.21034441
0.035015994,0.727595983,0.026874352,0.210513671
0.035042221,0.72736373,0.026910262,0.210683786
0.035067786,0.727132303,0.026947188,0.210852723
0.035092043,0.726893581,0.026986621,0.211027756
0.03511492,0.726644046,0.02702777,0.211213264
0.035137026,0.726387932,0.027069155,0.211405888
0.03515918,0.726129174,0.02711059,0.211601057
0.035181847,0.725868207,0.027152133,0.211797814
0.035204615,0.725605619,0.027193208,0.211996559
0.035226736,0.725343694,0.027233531,0.212196039
0.035248265,0.725082557,0.027273351,0.212395828
0.035269781,0.72481991,0.027312958,0.21259735
0.035291596,0.72455403,0.027352248,0.212802126
0.035313652,0.724285991,0.027390977,0.21300938
