0.0411564088946726,0.957284206496415,6.88460295112603e-06,0.00155250000596109
0.0411387610101727,0.957298611371848,6.89025910856455e-06,0.00155573735887115
0.0411149440261949,0.957318706825613,6.89670002783957e-06,0.00155945244816447
0.0410729450642193,0.95735658063047,6.90348358341236e-06,0.00156357082172722
0.0410160237989981,0.957409475093702,6.90971649841449e-06,0.00156759139080101
0.0409549928091727,0.957466720033032,6.91538112395586e-06,0.00157137177667129
0.0408928796568667,0.957524859195003,6.92137362041429e-06,0.00157533977450971
0.0408261034560667,0.957587165008995,6.92820442213428e-06,0.00157980333051588
0.0407546576812555,0.957653814930292,6.93555099062092e-06,0.00158459183746187
0.0406832070132601,0.95772066723546,6.94253814385561e-06,0.00158918321313618
0.0406206996269688,0.957779254647391,6.9484594449952e-06,0.00159309726619493
0.0405767181938389,0.957819822620543,6.9538409130832e-06,0.00159650534470493
0.0405497427096869,0.957843257005293,6.95985590950329e-06,0.00160004042911031
0.0405270224876918,0.957862035395631,6.96675360401906e-06,0.00160397536307306
0.0405020145162471,0.957882735336096,6.97429186201372e-06,0.00160827585579506
0.040478303395644,0.957901718618157,6.98260062636984e-06,0.00161299538557245
0.040456327588192,0.95791885448765,6.99111607130274e-06,0.00161782680808675
0.040439998489805,0.957930711807119,6.9990499297876e-06,0.0016222906531461
0.0404425401199935,0.957923806833138,7.0071680566516e-06,0.00162664587881133
0.0404690829295836,0.957892355010245,7.01678578660624e-06,0.00163154527438518
0.0405147315246595,0.957841074426365,7.0281294092988e-06,0.00163716591956657
0.0405762528569341,0.957773312162206,7.04092081494997e-06,0.0016433940600452
0.0406512489661609,0.957691465764558,7.05509341844242e-06,0.00165023017586246
0.0407330380370488,0.957602315809179,7.07029971793073e-06,0.00165757585405459
0.0408236074720388,0.957503712506968,7.08685968509798e-06,0.00166559316130818
0.0409375118365409,0.957380306415848,7.10651654042964e-06,0.0016750752310706
0.0410758973525508,0.957230439104203,7.13021562811885e-06,0.00168653332761803
0.0412215693154348,0.95707181037013,7.15667040902847e-06,0.00169946364402625
0.0413633318860477,0.956916456918644,7.18409428535842e-06,0.00171302710102325
0.0415069252681377,0.956758808876783,7.21225611609519e-06,0.00172705359896369
0.0416628950019569,0.956588046855778,7.2418512330021e-06,0.0017418162910316
0.0418369154523524,0.956398413908319,7.27314185073364e-06,0.00175739749747768
0.0420223947600629,0.956196657880344,7.30568770228533e-06,0.00177364167189109
0.0422022870613477,0.95600006420159,7.33866977005406e-06,0.00179031006729245
0.0423704112993375,0.955814868570632,7.37183979615984e-06,0.00180734829023421
0.0425346797046309,0.955633096991108,7.40547276230073e-06,0.00182481783149935
0.0427032550208329,0.955446678837068,7.43959587638174e-06,0.00184262654622274
0.0428788339428087,0.955253037166835,7.47407978329924e-06,0.00186065481057317
0.0430587985596429,0.955054862974657,7.50875514050127e-06,0.00187882971055946
0.0432378784116016,0.954857700296215,7.54303957452683e-06,0.0018968782526085
0.0434118362355452,0.954665923192757,7.57661811248036e-06,0.00191466395358543
0.0435816466258466,0.954478226885004,7.6101033984569e-06,0.00193251638575072
0.0437512909568207,0.954290419792323,7.64395064173401e-06,0.00195064530021499
0.0439212253459434,0.954102170727823,7.67793383604535e-06,0.00196892599239776
0.044087710515175,0.953917259652483,7.71187193896278e-06,0.0019873179604031
0.0442494923214375,0.953736648323797,7.74621269760474e-06,0.00200611314206836
0.0444150680296313,0.953551549990269,7.78161522896938e-06,0.00202560036487065
0.0445912658660501,0.953355077296178,7.8183064989316e-06,0.00204583853127317
0.0447709633076952,0.953154599496464,7.8557058058104e-06,0.0020665814900353
0.0449458474483802,0.952959201932524,7.89237689576158e-06,0.00208705824220037
0.0451171146224898,0.952768037100756,7.92779384496145e-06,0.0021069204829096
0.0452915003677951,0.952573767489679,7.96308602790119e-06,0.00212676905649843
0.0454749740030777,0.952370039697741,7.99902917518463e-06,0.00214698727000606
0.0456660048056729,0.95215874849601,8.03504131414878e-06,0.00216721165700255
0.0458554872369527,0.951949455223143,8.07020641428083e-06,0.00218698733348971
0.0460400927932433,0.951745182481916,8.10491288790488e-06,0.00220661981195297
0.0462284587447427,0.951536369741467,8.1407764965462e-06,0.00222703073729395
0.0464245227491294,0.951318948924702,8.17807558015732e-06,0.0022483502505882
0.0466270120539567,0.951094624052746,8.21609222722985e-06,0.00227014780106955
0.0468442411945905,0.950854697452787,8.25558762653712e-06,0.00229280576499656
0.0470796522201255,0.95059500726615,8.29774623121561e-06,0.00231704276749366
0.0473201738760592,0.950328483055159,8.34247762318285e-06,0.00234300059115847
0.0475513672094819,0.950070149297867,8.38853904905681e-06,0.0023700949536016
0.0477691978203831,0.949824844439927,8.43460620520771e-06,0.0023975231334849
0.0479794002886074,0.949587293111017,8.48009588629646e-06,0.00242482650448959
0.0481902042838025,0.949349634193556,8.52462882201298e-06,0.00245163689381982
0.0484068204785378,0.949106936604374,8.56793481485914e-06,0.00247767498227369
0.0486298562490512,0.948858133450484,8.61073793946698e-06,0.00250339956252516
0.0488531544654368,0.948608947610672,8.65352746350344e-06,0.00252924439642789
0.0490686851973134,0.948367972902839,8.69528707640914e-06,0.00255464661277141
0.0492748555959894,0.948137315000533,8.73526534927295e-06,0.00257909413812825
0.0494776677444117,0.947910835735874,8.77382407950249e-06,0.00260272269563474
0.0496869466081587,0.947677995346557,8.81220323047869e-06,0.00262624584205389
0.0499089709298359,0.947431270426115,8.85229703515163e-06,0.00265090634701426
0.0501413038328236,0.947172291683472,8.89517743139799e-06,0.00267750930627299
0.0503775048285001,0.946907829054315,8.9402392698415e-06,0.00270572587791463
0.0506167501305758,0.946639422757227,8.98647682149304e-06,0.00273484063537536
0.0508575452831674,0.946368832465551,9.0334684057655e-06,0.00276458878287619
0.0510940861935354,0.946102361985548,9.0803385770103e-06,0.00279447148234018
0.0513336823869604,0.945833348292441,9.12632760746887e-06,0.00282384299299139
0.0515883847873327,0.945549114402439,9.17255599481821e-06,0.00285332825423357
0.0518577902461804,0.94524932356424,9.22002098868616e-06,0.00288366616859096
0.0521330552684453,0.944943191755917,9.2680201389404e-06,0.00291448495549844
0.052402144510753,0.944642993665723,9.31596298347252e-06,0.00294554586054032
0.0526623629933609,0.944351192515612,9.36410917974923e-06,0.00297708038184741
0.052921139353175,0.944059867488184,9.41329160260981e-06,0.00300957986703841
0.0531807710183776,0.943766266295658,9.46415436191482e-06,0.00304349853160247
0.0534312655815389,0.943480586591745,9.51617218857307e-06,0.00307863165452775
0.0536572450402014,0.943219041358004,9.56787974033205e-06,0.003114145722054
0.053858620098734,0.942982656029874,9.61804338680328e-06,0.00314910582800499
0.0540488129288473,0.942758278053322,9.66661443394771e-06,0.003183242403397
0.054231298603904,0.94254214861406,9.71405360503347e-06,0.00321683872843096
0.0544029714424127,0.942336974030513,9.76081122672671e-06,0.00325029371584704
0.0545594917256124,0.942146846431664,9.80708025708516e-06,0.00328385476246668
0.0546938265705108,0.941979261901954,9.85209886217908e-06,0.00331705942867348
0.0548079283469028,0.941832562242559,9.89556128779274e-06,0.00334961384925027
0.0549097496487467,0.941698290068295,9.93830918604673e-06,0.00338202197377208
0.0550026525766648,0.941572987086839,9.9805559982987e-06,0.00341437978049807
0.0550896699654918,0.941454236373324,1.0021643454525e-05,0.00344607201772919
0.0551740518848979,0.941338733214241,1.00617728746671e-05,0.00347715312798661
0.0552581532867686,0.941223318222626,1.01020139848962e-05,0.00350842647661992
0.0553449101946771,0.94110472553144,1.01428271538658e-05,0.00354022144672873
0.0554334517117978,0.940983745177555,1.01842537156675e-05,0.00357261885693153
0.0555183210226213,0.940865645753028,1.02263697656584e-05,0.00360580685458529
0.0555951863037123,0.940753975582279,1.02700563343013e-05,0.0036405680576743
0.0556723609668265,0.940638898695565,1.03173594337424e-05,0.00367842297817452
0.0557616946334358,0.940507957744561,1.03692085751836e-05,0.00371997841342769
0.0558598462881336,0.940365373761842,1.04243499573188e-05,0.00376435560006652
0.0559585462049673,0.940220559702343,1.04811343960088e-05,0.00381041295829365
0.0560572443023747,0.940074956629813,1.05384572244798e-05,0.0038572606105876
0.0561578149685949,0.939927918089831,1.05949631027556e-05,0.00390367197847164
0.0562572923941023,0.939783581448598,1.0649316680034e-05,0.00394847684061964
0.0563488993168313,0.939648450430252,1.07017297297126e-05,0.00399194852318694
0.056428899440458,0.939525537304458,1.07529359306555e-05,0.00403481031915305
0.0565055130899016,0.939406699003542,1.08030144530581e-05,0.00407698489210369
0.0565897061219849,0.939280368929146,1.08528620247068e-05,0.00411907208684423
0.0566787964967729,0.939148253730945,1.0903475096978e-05,0.00416204629718514
0.0567638880012735,0.939019691190556,1.0954150248444e-05,0.0042054666579223
0.0568458748784679,0.938894265226326,1.10043925239875e-05,0.00424885550268265
0.0569349452249411,0.93876073734026,1.10555904110281e-05,0.00429326184438825
0.0570351824281322,0.938613873691947,1.11090604122039e-05,0.00433983481950896
0.0571395506900568,0.938460959381953,1.11643143872406e-05,0.00438832561360272
0.0572344054150596,0.938316834341612,1.12197197843144e-05,0.00443754052354411
0.0573167069603418,0.938184789184615,1.12749616717139e-05,0.00448722889337131
0.0573940219533844,0.938056452570677,1.13310816098453e-05,0.0045381943943285
0.0574623373530879,0.937936164736766,1.13876055434829e-05,0.00459011030460278
0.0575201123836978,0.937827175059817,1.14427098457516e-05,0.00464126984663937
0.0575778824870371,0.93772012973274,1.14954828472125e-05,0.00469049229737619
0.0576357603666215,0.937614378109915,1.15465360707457e-05,0.00473831498739254
0.0576916100670672,0.937511039882184,1.15968620470872e-05,0.00478575318870204
0.0577509827802992,0.93740517988904,1.16459520479708e-05,0.00483219137861265
0.0578063333816253,0.937305605509426,1.16923473249267e-05,0.00487636876162361
0.0578530217291924,0.937215239021007,1.17377014940896e-05,0.0049200015483065
0.0579126453267228,0.937109913147644,1.1785166064605e-05,0.00496565635956826
0.057996033433248,0.936981409625155,1.18324363847314e-05,0.00501072450521282
0.058071061733452,0.936866922258385,1.18737127712196e-05,0.00505014229539234
0.0581070085116218,0.936797793447365,1.19076215867741e-05,0.00508329041942604
0.058111399843891,0.936762461547598,1.19383299008864e-05,0.00511420027860964
0.0581042332497986,0.936736487339042,1.19707545252294e-05,0.00514730865663384
0.0581030176845511,0.936700768317674,1.20069272308519e-05,0.00518420707054423
0.0581164889618824,0.936647496981224,1.20461107560906e-05,0.00522396794613758
0.0581307936852914,0.93659225799642,1.20861971603878e-05,0.00526486212112797
0.0581335962581125,0.936548309579042,1.21259518275742e-05,0.00530596821101815
0.058138762373527,0.93649987677995,1.21675769760443e-05,0.00534919326954668
0.0581597428166801,0.936431407492253,1.22134354557694e-05,0.0053966362556108
0.0581832117169973,0.936357441018086,1.22619872382312e-05,0.00544708527767827
0.0581915023110329,0.936297538772594,1.23109087532505e-05,0.00549864800762011
0.0581926719871253,0.936243431606743,1.2360567512285e-05,0.00555153583861994
0.0582013598652925,0.936180054719699,1.24117315089092e-05,0.00560617368349984
0.0582158853873548,0.936110467957342,1.24630598313863e-05,0.00566118359547235
0.0582368285813229,0.93603542604225,1.25133333063076e-05,0.00571523204312116
0.0582750253852135,0.935943868249725,1.25630639766423e-05,0.00576854330108486
0.0583323923376036,0.935833542349934,1.26126340208455e-05,0.00582145267844192
0.0583973380110266,0.935715931818319,1.26618731505367e-05,0.00587406829750435
0.0584605924095708,0.935599577249629,1.27112410866104e-05,0.0059271190997135
0.0585243891351586,0.935481403460356,1.27615801423238e-05,0.00598144582434271
0.0585940778354563,0.935355600874909,1.28134485201129e-05,0.00603750784111426
0.0586722388926992,0.935219811221367,1.28667063830758e-05,0.00609508317955066
0.058756234073994,0.93507713604342,1.29208306143141e-05,0.0061537090519719
0.058835847425824,0.934937899524284,1.2975379306912e-05,0.00621327767058449
0.0589028745187612,0.934810768763626,1.30296847786024e-05,0.00627332703283358
0.0589583707161673,0.934694873044108,1.30836253489581e-05,0.00633367261437541
0.0590118726452222,0.934580121089793,1.3137956101657e-05,0.00639486830888346
0.0590680005546378,0.934461905708352,1.31928154875623e-05,0.00645690092152307
0.0591227640311139,0.934344227908966,1.32481255103393e-05,0.00651975993440936
0.0591748459224869,0.934227371011495,1.33047158448271e-05,0.00658447835017354
0.0592178088482477,0.934116993409176,1.3362953711794e-05,0.00665183478886441
0.0592426987253705,0.934022052053865,1.34224624373561e-05,0.00672182675832673
0.0592577220659692,0.933934620986992,1.34831938677265e-05,0.00679417375317089
0.0592679310562876,0.933850453011541,1.35446395572982e-05,0.00686807129261384
0.0592511419534485,0.933793140898992,1.36050651531157e-05,0.00694211208240667
0.0591889252465497,0.933782641776744,1.36627470857731e-05,0.00701477022962078
0.0590853381131387,0.933816103066417,1.37168211227035e-05,0.00708484199932171
0.0589580806976911,0.933875458260085,1.3768066684802e-05,0.00715269297553906
0.0588274648444944,0.933938782191336,1.38183482660472e-05,0.00721993461590335
0.0586978049824986,0.934001772623703,1.38677863417292e-05,0.007286554607457
0.0585643106382033,0.934069745955405,1.39158445257794e-05,0.00735202756186622
0.0584300226038764,0.934138498631368,1.39635382631411e-05,0.00741751522649298
0.0583015150621525,0.93419967840665,1.40124750414011e-05,0.00748479405615585
0.0581846602666282,0.934245831661009,1.40640863676806e-05,0.00755544398599503
0.0580757578065768,0.934281251247819,1.41177703625415e-05,0.00762887317524133
0.0579613165014392,0.934321869042904,1.41711740228492e-05,0.00770264328163429
0.057839572584748,0.934370668832326,1.42232923335349e-05,0.00777553529059238
0.0577163868888945,0.934423666946727,1.42729061577722e-05,0.00784567325822093
0.0575943592493258,0.934482095957288,1.43172355242001e-05,0.00790922755786228
0.0574811964679908,0.934540245021566,1.43550803864562e-05,0.0079642034300568
0.0573806103857558,0.934592261173549,1.43882540965743e-05,0.00801274018659819
0.0572885638926575,0.934639338045499,1.4418819592327e-05,0.00805767924225067
0.0572073410781751,0.934679816702964,1.44463896044039e-05,0.00809839582925709
0.0571319158805781,0.934721270823838,1.44689385985953e-05,0.00813234435698559
0.0570503500710086,0.93477622687108,1.44857219354837e-05,0.00815893733597611
0.0569589507805029,0.934845601575633,1.4498726025119e-05,0.00818094891783858
0.0568520587478386,0.934931570996488,1.45103631993968e-05,0.0082018598924743
0.0567317540751873,0.935030677239166,1.45217070571855e-05,0.00822304697858925
0.0566131916698326,0.935127132827099,1.45336901258305e-05,0.00824514181294222
0.0565007104187013,0.935216247303135,1.45467099575112e-05,0.00826849556820649
0.0563853609533562,0.935308066261556,1.45596746911611e-05,0.00829201311039685
0.0562648813243901,0.935405855370199,1.45717800324681e-05,0.00831469152537875
0.0561426662411969,0.935507057643014,1.4582544847773e-05,0.00833569357094143
0.0560170635941789,0.935615343283331,1.45904495179295e-05,0.00835300267297192
0.0558896049458452,0.935729982624486,1.45949756736394e-05,0.00836581745399513
0.0557612610215893,0.935847829205429,1.45977909999831e-05,0.00837631198198157
0.0556266326068883,0.935971164990779,1.46009947785608e-05,0.00838760140755363
0.0554866034440827,0.936097870533289,1.46054783506858e-05,0.00840092054427761
0.0553473892454892,0.936223076331846,1.46104543925182e-05,0.00841492396827213
0.055209665483188,0.936348011358691,1.46145653366729e-05,0.00842770859278445
0.0550714255696129,0.93647525778221,1.4617322614201e-05,0.00843869932556296
0.0549342339454927,0.936602957366889,1.46189867818903e-05,0.00844818970083612
0.0548006003426536,0.936728204848194,1.46199332407631e-05,0.00845657487591146
0.0546705347467886,0.936849960029594,1.46209000047825e-05,0.00846488432361273
0.0545425508445785,0.936969815311966,1.46217647985917e-05,0.00847301207865654
0.0544129009877533,0.937093791412987,1.4620787513425e-05,0.00847868681174662
0.0542730331253968,0.937231402535175,1.46169930286941e-05,0.00848094734639912
0.0541165273887664,0.937387590700976,1.46112585496986e-05,0.00848127065170745
0.0539489067234168,0.937554487344337,1.4605500707614e-05,0.00848200043153826
0.0537802688911505,0.937720570595031,1.46010746674079e-05,0.00848455943915096
0.0536109159842589,0.937886293249985,1.45974208655774e-05,0.00848819334489016
0.0534342248448669,0.938059400159927,1.45935058301822e-05,0.00849178148937588
0.0532477227168465,0.9382426896685,1.45890098191165e-05,0.00849499860483406
0.0530535653310737,0.938435369932788,1.4582999839973e-05,0.00849648173629848
0.0528564617659263,0.938635644401043,1.45735267885249e-05,0.00849332030624176
0.0526685476328036,0.938832124363525,1.45604930784944e-05,0.00848476751059256
0.0524986081743901,0.939012194165073,1.45469541450827e-05,0.0084746507063914
0.0523390400677297,0.939180431479531,1.45347736351422e-05,0.00846599367910377
0.0521833947374782,0.939344524189382,1.45228298444347e-05,0.00845755824329572
0.0520352944107601,0.939501737235966,1.45106643891463e-05,0.00844845768888449
0.0518971419459764,0.939647817343902,1.44997388581129e-05,0.00844054097126321
0.051767710975514,0.939782030804596,1.44914203992809e-05,0.00843576679949043
0.0516468041031849,0.939905581814293,1.44849663704929e-05,0.00843312911615173
0.0515395016702295,0.940015505889278,1.44790686281945e-05,0.00843051337186454
0.0514477885692546,0.940108986644822,1.44744255447742e-05,0.00842875036037895
0.0513614257191808,0.940194017976669,1.44722678558195e-05,0.00843008403629394
0.0512706324541842,0.940280253409356,1.44723077346185e-05,0.00843464182872522
0.0511683179196307,0.940377211114889,1.44725296903152e-05,0.00843999843578988
0.0510445754013421,0.940497248137906,1.44708321428837e-05,0.0084437056286086
0.0509001156426814,0.940640195819325,1.44669080307308e-05,0.00844522162996317
0.0507463747731524,0.940793775621453,1.44618109793495e-05,0.00844538779441496
0.050590686504289,0.940949083748797,1.44569039297281e-05,0.00844577284298402
0.05042898127205,0.941109940267352,1.44521647917224e-05,0.00844662629580574
0.0502513318232015,0.941288803072581,1.44453612211375e-05,0.0084454197429965
0.0500540454709334,0.941491686592265,1.44346432361422e-05,0.0084398332935656
0.0498443111080365,0.941709748803603,1.44214473601237e-05,0.00843151864100046
0.049627779572605,0.941934227589156,1.44082113740363e-05,0.00842358462686454
0.0493974292469093,0.942172774045236,1.43942028074241e-05,0.00841540250504772
0.0491494244670994,0.942429911321372,1.43787872153859e-05,0.00840628542431355
0.0488912179361408,0.942695881704437,1.43639158117006e-05,0.00839853644361035
0.0486267299349342,0.94296601574729,1.43502516458057e-05,0.0083929040661295
0.0483539393273648,0.943243258147811,1.43370408480039e-05,0.00838846548397651
0.0480750271216573,0.943525907026961,1.43240809702354e-05,0.00838474177041139
0.0477964237733505,0.943808805852574,1.43107754202153e-05,0.00838045959865517
0.047521792950715,0.94409003490756,1.42960485085223e-05,0.00837387609321633
0.0472544310018326,0.944364640832583,1.42812184566556e-05,0.00836664694712735
0.0470022309373363,0.944621122222354,1.42691727827569e-05,0.00836237766752682
0.0467699318368377,0.944855145399555,1.42598225124725e-05,0.0083606629410951
0.046549291074236,0.945077490666991,1.42510016239255e-05,0.00835896725714943
0.0463272970874354,0.945302640873879,1.42410847720763e-05,0.00835582095391353
0.0461014848358883,0.945533190071325,1.4229882965004e-05,0.00835109520982152
0.0458768015581639,0.945762774055954,1.42186008205501e-05,0.00834620578506144
0.0456539069671759,0.945990286042861,1.42075415280954e-05,0.00834159944843515
0.0454296990994928,0.946219794037833,1.41958864866984e-05,0.00833631097618741
0.0452040865397807,0.946451436833278,1.41836133955161e-05,0.00833029301354576
0.0449803406674742,0.946681533696845,1.41711367247213e-05,0.00832395449895605
0.0447625651529302,0.946905640408815,1.41588400489302e-05,0.00831763559820634
0.044554099490946,0.947119370246462,1.41475772522859e-05,0.00831238268533988
0.0443534402154263,0.947323979844586,1.41374451265845e-05,0.00830844249486112
0.0441511489811801,0.947529699859099,1.4127506045799e-05,0.00830502365367521
0.0439398275180785,0.947744400820066,1.411715195484e-05,0.0083016545099011
0.0437258179606825,0.947961882837252,1.41065736275255e-05,0.00829819262843799
0.0435170760765989,0.948174706540491,1.40957600821912e-05,0.00829412162282796
0.0433106283523535,0.948387211991553,1.40836128872848e-05,0.00828807604320626
0.043100699029541,0.948605849440231,1.40693771880714e-05,0.00827938215304003
0.0428864986423809,0.948830355760398,1.40537705066378e-05,0.00826909182671473
0.0426700793815652,0.949058752095205,1.40368742808161e-05,0.00825713164894881
0.0424518852915342,0.949292608720011,1.40172729528822e-05,0.00824148871550178
0.0422310955922944,0.949532296029849,1.39951986492266e-05,0.00822261317920759
0.0420070143903504,0.949774210390152,1.39736974355429e-05,0.00820480152206174
0.0417792629318858,0.950016246404084,1.39546095558004e-05,0.00819053605447459
0.0415495881051644,0.950259389133299,1.39360892461883e-05,0.00817708667229012
0.0413206702150393,0.950504247776912,1.3915815317715e-05,0.00816116619273106
0.0410936708314477,0.950749750407451,1.38936730830004e-05,0.0081426850880184
0.040868283830559,0.950994205624736,1.38710631842942e-05,0.00812363948152025
0.0406461116561519,0.951233964182567,1.38495626118604e-05,0.00810607459866914
0.040432626381777,0.951462281470635,1.38303686710264e-05,0.008091261778917
0.0402312038792568,0.951674706744538,1.38144177072613e-05,0.00808027495849812
0.0400396329366769,0.951873275309849,1.38017279463677e-05,0.00807329002552813
0.039854742964135,0.952062891172819,1.37909032434042e-05,0.00806857495980205
0.0396755319991776,0.952246687109766,1.37803666643723e-05,0.00806400052439197
0.0395005710347343,0.95242683061402,1.37695253417131e-05,0.00805882882590342
0.0393272390733161,0.952605388101235,1.37586554604729e-05,0.00805361416998792
0.0391561917028568,0.952781063601691,1.37482392237162e-05,0.00804899645622821
0.0389929727700876,0.952948010674019,1.3738757841099e-05,0.00804527779805226
0.0388430207207264,0.953099269018537,1.37315898022468e-05,0.00804397867093428
0.0387077402282184,0.953231138162156,1.37284916531948e-05,0.00804739311797298
0.0385845114403734,0.953346267976651,1.37293385555198e-05,0.00805549124441987
0.0384708303901063,0.953449239430626,1.37324992423068e-05,0.0080661976800253
0.0383683236181013,0.95354003314527,1.37368790373214e-05,0.00807790635759119
0.0382769583634626,0.953619797172721,1.37417040024968e-05,0.00808950275981428
0.0381928201872108,0.953692720136521,1.37466117705878e-05,0.00810071306449805
0.0381123205766244,0.953762395508277,1.37514081790968e-05,0.00811153250691934
0.0380333542986238,0.953831297337779,1.37557136803791e-05,0.00812159264991704
0.0379565990461038,0.953897375517502,1.37605548202943e-05,0.00813226488157361
0.0378824419283319,0.953958771975498,1.37670243330285e-05,0.00814501907183718
0.0378094796408198,0.954016831496157,1.37751082168895e-05,0.00815991375480623
0.0377388952568692,0.954070794326245,1.37845485971987e-05,0.00817652586828871
0.0376722289579959,0.954120159763153,1.37946515666144e-05,0.00819381662728418
0.0376093275305225,0.954166184537608,1.38046315236536e-05,0.0082106833003461
0.0375514389661548,0.95420835715239,1.38140765125693e-05,0.00822638980494307
0.0374977432470149,0.954247998767821,1.38226117766088e-05,0.00824043537338739
0.0374449876400904,0.954287958513179,1.38303369792667e-05,0.00825322350975172
0.0373929751836607,0.954326576841441,1.38385212881439e-05,0.00826660945361034
0.0373469472210169,0.954357841209703,1.38479407120169e-05,0.00828136362856816
0.0373135201414538,0.954376888450138,1.38576699726067e-05,0.0082957337384358
0.037288338305948,0.954390103909478,1.38660867699478e-05,0.00830769169780365
0.0372594748806324,0.95440968963251,1.38724531881877e-05,0.00831696303367
0.0372263705456423,0.95443358736241,1.3878575184339e-05,0.00832616351676364
0.0372015547655456,0.954445913564869,1.38873758551835e-05,0.0083386442937302
0.0371963432706777,0.954434991856579,1.38996459276931e-05,0.00835476522681546
0.0372102274949248,0.95440362424481,1.39137752346132e-05,0.00837223448503046
0.0372331526506836,0.954364725784085,1.39272778169961e-05,0.00838819428741468
0.0372557625877372,0.954329541497278,1.39383747407688e-05,0.00840075754024364
0.0372738679541589,0.954302207768132,1.39469308014165e-05,0.0084099773469073
0.037287680020664,0.954281146823905,1.39539381340251e-05,0.00841721921729687
0.0373007857210629,0.954262237862925,1.39599470759984e-05,0.00842301646893581
0.0373184452261687,0.954241343413972,1.39644277766157e-05,0.00842624693208255
0.0373468444239982,0.954212308898329,1.39676369161629e-05,0.00842687904075704
0.0373890379119483,0.954169579357136,1.39714295117132e-05,0.00842741130140421
0.0374398270826614,0.95411729521271,1.39762826730985e-05,0.00842890142195574
0.0374926206580467,0.954063000925854,1.39812234740885e-05,0.00843039719262556
0.0375471859161906,0.954006293458192,1.39866752481154e-05,0.00843253395036882
0.0376053803092369,0.953945176911954,1.39928114233924e-05,0.00843544996738568
0.0376679476280017,0.953880388116954,1.39986348940629e-05,0.00843766562015038
0.0377351999802006,0.953811386957936,1.40043298301394e-05,0.00843940873203369
0.0378087756429162,0.953734018785213,1.40117356939012e-05,0.008443193836177
0.037891834196749,0.953643459814046,1.40221468992337e-05,0.00845068384230533
0.0379852186268264,0.953539749741159,1.40349672284626e-05,0.008460996664786
0.0380836471110282,0.953430378613276,1.40484167305544e-05,0.00847192585896513
0.0381770322335676,0.953326753476593,1.40611078739387e-05,0.00848215318196587
0.0382570408778202,0.953237196653355,1.40726393429396e-05,0.00849168982948221
0.038322906183136,0.953162376301664,1.40830472713916e-05,0.00850063446792902
0.0383841732170004,0.953091299608913,1.40938114352602e-05,0.00851043336265089
0.0384480387251956,0.953015625361132,1.41060545933607e-05,0.00852222985907941
0.0385049024228345,0.952947491600386,1.41175051798791e-05,0.00853348847159935
0.0385436621481229,0.952901254733045,1.412535293746e-05,0.00854095776589479
0.0385673586502622,0.952874117294329,1.41296047697824e-05,0.00854439445063935
0.0385858243716017,0.952854339050326,1.41320843612665e-05,0.00854570449371144
0.0386042637348081,0.952834646166918,1.41344876733434e-05,0.00854695561060014
0.038619664747364,0.952817335097481,1.41371972485755e-05,0.00854886295790595
0.0386289420403828,0.952806324808704,1.41395394089818e-05,0.00855059361150459
0.0386321059789257,0.952802414687695,1.41409723899538e-05,0.00855133836098945
0.0386281066994542,0.952806626143602,1.41414321245935e-05,0.00855112572481953
0.0386172850422368,0.952818689784839,1.41408412659174e-05,0.00854988433165798
0.0386021132638475,0.95283689357499,1.41387727643352e-05,0.00854685438839846
0.0385858117406796,0.952858333787263,1.4135157167758e-05,0.00854171931488928
0.0385708407873655,0.952879747655744,1.41306679577301e-05,0.00853528088893246
0.0385543661098043,0.952903086605,1.41257942533767e-05,0.00852842149094195
0.038531854080588,0.952932158305639,1.41208342543473e-05,0.00852186677951808
0.0385038447170999,0.952965652515101,1.41163503749689e-05,0.00851638641742409
0.0384753116486501,0.952998659981446,1.41125386955941e-05,0.00851191583120876
0.0384477141554798,0.953030349416169,1.41090315930876e-05,0.00850782739675812
0.0384168543092973,0.953064698491615,1.41057845576169e-05,0.00850434141453025
0.0383858539754097,0.953098371407874,1.41031250144236e-05,0.00850167149170201
0.0383657217781259,0.953121303596088,1.41009554748421e-05,0.00849887367031097
0.0383604602132839,0.95312966214776,1.40993720601926e-05,0.0084957782668959
0.0383631092391305,0.953129237789309,1.4098891096036e-05,0.00849355408046456
0.0383658632719091,0.95312823784382,1.40988878182435e-05,0.00849179999645303
0.0383672392748933,0.953130269008292,1.40977916056358e-05,0.00848839392520893
0.0383657541980687,0.95313695864053,1.40953745359076e-05,0.00848319178686567
0.0383630700420867,0.953145524995137,1.40924470075071e-05,0.00847731251576827
0.038368952933827,0.953146862327334,1.40889843790831e-05,0.00847009575445951
0.038385951204098,0.953139430526172,1.40844122706408e-05,0.00846053385745949
0.0384067693218325,0.953130130881208,1.40787181009617e-05,0.00844902107885897
0.0384252708767286,0.953125616624918,1.40713324071028e-05,0.0084350411659461
0.0384390254492828,0.953130206336259,1.40608839932678e-05,0.00841670733046536
0.0384474753321074,0.953144377469468,1.4047401379677e-05,0.0083940997970452
0.0384480860960183,0.953168940715072,1.40318933584203e-05,0.00836894129555123
0.0384381905025383,0.953205046023292,1.40151865522396e-05,0.00834274828761775
0.0384208570455955,0.953248703005784,1.39979918759442e-05,0.00831644195674426
0.038401341727799,0.953294290560393,1.39807871024011e-05,0.00829038692470598
0.0383803541054237,0.953340742174696,1.39638693414833e-05,0.00826493985053891
0.0383569365408462,0.953388519770158,1.39475720442265e-05,0.00824059611695183
0.0383324543025326,0.95343583416018,1.39322788536111e-05,0.00821777925843404
0.038308399540377,0.953481217861523,1.39180526015395e-05,0.00819646454549857
0.0382846917824652,0.953524906158086,1.39048045345395e-05,0.00817649725491448
0.0382602472362925,0.953568679110453,1.38920163087727e-05,0.00815718163694555
0.0382352234047226,0.953613807348175,1.38786685435215e-05,0.00813709057855855
0.0382117425299554,0.953658910414484,1.38642874591455e-05,0.00811548276810199
0.0381891067378965,0.953704415776865,1.38489968150195e-05,0.00809262848842377
0.0381647199613098,0.953752315262879,1.38331036793219e-05,0.00806913167213209
0.0381395203516414,0.953801314435995,1.38169037583194e-05,0.00804534830860492
0.0381152564244486,0.953849618247483,1.38004892442232e-05,0.00802132483882365
0.0380920971336454,0.953898170194869,1.37830625246798e-05,0.00799594960896086
0.0380700005239136,0.953948161435577,1.37638088411303e-05,0.00796807423166832
0.0380489055599861,0.953998741383242,1.37434116732062e-05,0.00793860964509864
0.0380291367576033,0.954048805744698,1.37224619936687e-05,0.00790833503570512
0.0380105616158566,0.954098425001609,1.37009803902977e-05,0.0078773124021443
0.0379944663762407,0.954145112944118,1.36798936446627e-05,0.0078467407859961
0.0379878220031708,0.954179631992829,1.36611731363845e-05,0.00781888483086372
0.0379966900190185,0.954195521629046,1.3645376943489e-05,0.00779414297499207
0.0380169231074913,0.954199554525548,1.36303770437009e-05,0.00776989198991733
0.0380393378590265,0.954202447392405,1.36146112794714e-05,0.00774460013728877
0.0380599348979532,0.954206883850359,1.35988525413379e-05,0.00771958239914665
0.0380804580312686,0.954209894106052,1.35840884152997e-05,0.00769606377426392
0.0381028313157443,0.954210586953651,1.35696874486326e-05,0.00767301204315568
0.0381279626948572,0.954209442391873,1.35547126468538e-05,0.00764904020062277
0.038157487360611,0.954204097463362,1.35397690465987e-05,0.00762487540698062
0.0381911941392044,0.954193468174492,1.35257693245729e-05,0.00760181191697924
0.0382255971722458,0.954181290847238,1.35123710332728e-05,0.00757959960948298
0.0382589873775824,0.954170038640504,1.34989567937059e-05,0.00755747502511954
0.0382925618358893,0.954158856657412,1.34853234090513e-05,0.00753509618328958
0.0383281900634469,0.954146994371343,1.34707064440347e-05,0.00751134485876561
0.0383668362572296,0.954134616707809,1.34543234295646e-05,0.0074850927115321
0.0384059222184551,0.954123088973455,1.34369909357065e-05,0.00745755181715399
0.0384428581218645,0.954113817964911,1.34194706811546e-05,0.00742990444254353
0.0384799749504713,0.954105380860129,1.34011381173055e-05,0.00740124305128186
0.0385202148899277,0.954094211894345,1.3382554688082e-05,0.00737219066103945
0.0385637623140554,0.954077519959971,1.33656797706853e-05,0.00734535204620294
0.0386119577812539,0.954052290114418,1.33518284777749e-05,0.00732240027585033
0.038663319279645,0.954020631225266,1.33404685108547e-05,0.00730270902657787
0.0387125710857712,0.953989422130849,1.33301760832595e-05,0.00728467660729712
0.0387627475017555,0.953955607386376,1.33211407216282e-05,0.00726832397114714
0.0388171844476147,0.953915890892185,1.33135295303658e-05,0.00725361113066979
0.0388667802620745,0.95388067322226,1.33059839785164e-05,0.00723924053168693
0.0389045859793287,0.953857387156415,1.32978361324407e-05,0.00722472902812428
0.0389333060441792,0.953843240014657,1.32892645798765e-05,0.00721016467658401
0.0389578234453129,0.95383380781496,1.32801099754424e-05,0.00719508862975151
0.0389838823147066,0.953824725008471,1.32695394024709e-05,0.00717812313742032
0.0390160551218678,0.953812584638666,1.32568503672378e-05,0.00715810338909892
0.0390518332620503,0.953799035015613,1.32425986984458e-05,0.00713588912363797
0.0390832140999922,0.953791309775718,1.32269896472789e-05,0.0071122491346424
0.0391052487219378,0.953795006825161,1.32092620146766e-05,0.00708653519088654
0.0391194015493176,0.953808410986639,1.31897023612654e-05,0.00705899776168226
0.0391292713306217,0.953826824456725,1.31693522695211e-05,0.00703073486038395
0.0391341376008399,0.953850309021209,1.31486628060368e-05,0.0070024047151452
0.0391325325713921,0.953879877840932,1.31278920764156e-05,0.0069744616955999
0.0391278253079816,0.953912055980813,1.31072826848953e-05,0.00694701142852102
0.0391232782374369,0.953944428852558,1.30863621219229e-05,0.00691920654788314
0.0391198814077015,0.9539769845556,1.3064433784147e-05,0.00689006960291458
0.0391181772996208,0.954008983716197,1.30416521432258e-05,0.00685979733203918
0.039119616474593,0.954038793468088,1.30181714938982e-05,0.0068285718858255
0.0391268764193426,0.954063848195142,1.29939753886663e-05,0.00679628141012737
0.0391400341816607,0.954082688753141,1.29701665676564e-05,0.00676430689863113
0.0391565007350039,0.954097674514894,1.29468362287689e-05,0.0067328779138732
0.0391732598156602,0.954114815317492,1.29214332228176e-05,0.006699003433625
0.0391851783709377,0.954141103177133,1.289218715252e-05,0.00666082626477674
0.039191131969068,0.954176188944581,1.28602119446708e-05,0.00661981887440601
0.0392009133892023,0.954208545849857,1.28273224051148e-05,0.00657771343853568
0.0392232330409757,0.954229134347555,1.27941339759713e-05,0.00653483847749379
0.0392563318044506,0.954239775213953,1.27605217783888e-05,0.00649113245981778
0.0392939885227497,0.954246390439054,1.2726502235054e-05,0.00644689453596152
0.0393320404499277,0.954252654721711,1.26923170453184e-05,0.00640261251131619
0.0393720043540456,0.954257274164962,1.26578229048019e-05,0.00635806365808772
0.0394163753153838,0.954257588360408,1.26232340394695e-05,0.00631341309016883
0.0394678837171467,0.954249445818239,1.25898507722492e-05,0.0062700806138423
0.0395299422767596,0.954228863061603,1.25583041570739e-05,0.00622863635748026
0.0395981695069141,0.954200834282729,1.25278939403092e-05,0.00618846831641643
0.0396665373025156,0.954172004668832,1.24978632515317e-05,0.00614896016540093
0.0397360785880718,0.954141598374031,1.2468082490991e-05,0.00610985495540653
0.0398087943379289,0.954107953849269,1.24383748138136e-05,0.00607081343798877
0.0398837227116191,0.954072290403346,1.24084531800329e-05,0.0060315784318555
0.0399589699695887,0.954036085712232,1.23785558334067e-05,0.00599256576234642
0.0400350739417364,0.953998452263305,1.23490149440876e-05,0.00595412478001487
0.0401115978481464,0.953959586571187,1.23200442419262e-05,0.00591649553642438
0.0401829595741041,0.953924712575378,1.22917282840835e-05,0.00588003612223401
0.0402455757841276,0.953897611108543,1.22637530204018e-05,0.00584454935430867
0.0403038474033585,0.953874285383998,1.22359444931194e-05,0.00580963126815081
0.0403663354775735,0.953845742660669,1.22090172885815e-05,0.00577571284446893
0.0404370776034133,0.95380725150453,1.21837496374432e-05,0.00574348714241907
0.0405124704382823,0.953762661074212,1.21598029420247e-05,0.00571270868456341
0.0405870322576393,0.953718330579819,1.21362050620775e-05,0.00568250095747945
0.0406594944038656,0.95367646292307,1.21120910135165e-05,0.00565193058205136
0.0407314460877075,0.953636087192182,1.20869768058166e-05,0.00562037974330476
0.0408028003228374,0.953597021498125,1.20610855396877e-05,0.00558811709349826
0.0408710984507108,0.953561444760959,1.20345655501293e-05,0.00555542222278038
0.0409359205344233,0.953530288019483,1.20069705023657e-05,0.00552178447559096
0.0410033996974271,0.953498083629269,1.19779284972297e-05,0.00548653874480637
0.0410818874562473,0.953456825393688,1.19473722802145e-05,0.00544933977778491
0.0411708953128777,0.95340618247189,1.19159851704725e-05,0.00541100623006163
0.0412642009665938,0.953351384491544,1.18844430664969e-05,0.0053725300987954
0.0413614535013728,0.95329300075134,1.18525205025358e-05,0.00533369322678473
0.0414636347444035,0.953229760475341,1.18205010295567e-05,0.00529478427922577
0.0415683786717343,0.953163278037775,1.17889958801596e-05,0.00525655429461085
0.0416755732777649,0.953093393883573,1.17582786121155e-05,0.00521927456004995
0.0417904833185966,0.953014603364545,1.17287973288617e-05,0.00518318451952954
0.0419150217340488,0.952925177559831,1.17004484046908e-05,0.00514810025771558
0.0420460915029352,0.952829023718879,1.16723362605051e-05,0.00511321244192504
0.0421863792096677,0.952723899481577,1.16441374785461e-05,0.00507807717127696
0.0423411067545831,0.952603522399287,1.16170572752036e-05,0.00504375378885461
0.0425098874751398,0.952467219287237,1.15920930679056e-05,0.00501130114455523
0.0426870691659303,0.952321233998148,1.15684826255209e-05,0.00498012835329568
0.0428665577847539,0.952172457684746,1.15452629365965e-05,0.00494943926756301
0.0430431220607251,0.952026224159344,1.15221486569134e-05,0.00491913163127421
0.0432123955472066,0.951886925733016,1.14989487147428e-05,0.00488917977106251
0.0433777484635421,0.951751887350396,1.14751033999297e-05,0.00485888908266224
0.0435448813601365,0.951615829851841,1.14503939594964e-05,0.00482783839406266
0.0437112445314788,0.951479823044901,1.14261808903397e-05,0.00479750624272987
0.0438744584099688,0.951344679212285,1.1403929365511e-05,0.00476945844838048
0.0440328143141104,0.951212777459822,1.13829599508693e-05,0.00474302526611667
0.0441854592031536,0.951086472251544,1.13618308902448e-05,0.00471670671441201
0.044344283350923,0.950953878475043,1.13409591866774e-05,0.00469049721484688
0.0445214631234899,0.950802100191454,1.13214268557375e-05,0.00466511525820073
0.0447133822516823,0.950634778807103,1.13030370215769e-05,0.00464053590419335
0.0449113149067106,0.950461035988975,1.12850838667721e-05,0.00461636402044787
0.0451129662835577,0.950283505764997,1.12671482145554e-05,0.00459226080323054
0.045316564258294,0.95010428374937,1.12488314861151e-05,0.00456790316084978
0.0455170035828565,0.949928363192307,1.12300835377731e-05,0.0045434031412991
0.0457126901220728,0.949756999479775,1.12112102072417e-05,0.00451909918794466
0.0459061851182718,0.949588189828901,1.11917089590962e-05,0.0044944333438681
0.0461001445728923,0.949419753518134,1.11711501985254e-05,0.00446893075877495
0.0462979136679254,0.949246867197962,1.11511739019918e-05,0.00444406796021119
0.0465024994035466,0.949064965825552,1.11335413512727e-05,0.00442140122954977
0.0467152047529656,0.948873375544168,1.11176674697001e-05,0.00440030203539703
0.0469387885647701,0.948670037052828,1.11028979005274e-05,0.00438007148450177
0.0471759423165892,0.948451887040158,1.10897123200261e-05,0.00436108093093247
0.0474229146052053,0.948223023599881,1.10776505891731e-05,0.00434298414432452
0.0476722752905501,0.947991589249913,1.10657394485167e-05,0.00432506972008896
