0.994511147885241,0.000213021422808854,8.47498103793754e-08,0.00527574594213914
0.994440469212804,0.000213154085928159,8.52378865505231e-08,0.00534629146338068
0.994368643103049,0.000213177113330072,8.57065530767573e-08,0.00541809407706737
0.994295788672556,0.00021317662535602,8.61725758233614e-08,0.00549094852951193
0.994221388640546,0.000213207049160754,8.66509407803817e-08,0.00556531765935297
0.994145238591962,0.000213248908179097,8.71390072200723e-08,0.00564142536085137
0.994068136969742,0.0002132549896347,8.76214441543719e-08,0.00571852041917892
0.993993016038098,0.000213248166267142,8.80845681230283e-08,0.00579364771106633
0.993920927259787,0.000213269319149529,8.85311682355027e-08,0.00586571488989497
0.993850586501044,0.000213320295830237,8.89701857439656e-08,0.00593600423294021
0.993783304358732,0.00021342435569101,8.93987193451293e-08,0.00600318188685786
0.993720586986406,0.000213615280380723,8.98153636808225e-08,0.00606570791784987
0.993660909187526,0.000213887969650637,9.02292886295576e-08,0.00612511261353441
0.993601477796434,0.000214205015715259,9.06501817294712e-08,0.0061842265376694
0.993541260680953,0.000214547475504873,9.10806683115878e-08,0.00624410076287359
0.993482442018372,0.000214937122005436,9.15124425149335e-08,0.00630252934718004
0.9934265366162,0.00021539069037659,9.19399197027965e-08,0.00635798075350323
0.993371873479222,0.000215886710040024,9.23682225485795e-08,0.00641214744251495
0.993316552873203,0.000216349924457153,9.27917176378506e-08,0.00646700441062211
0.993259357478889,0.000216687944798621,9.31966619055416e-08,0.00652386137965017
0.993199571046595,0.000216891880309084,9.35849212685165e-08,0.00658344348817455
0.99313786470858,0.00021705049184921,9.39720096898651e-08,0.00664499082756132
0.993074842519508,0.000217245484077068,9.43724208479633e-08,0.00670781762399424
0.993010231263861,0.000217496407271724,9.47920235927313e-08,0.00677217753684395
0.992944558258155,0.000217805563616832,9.52282209168421e-08,0.00683754095000739
0.992879062984356,0.000218171408122532,9.5673497611588e-08,0.00690266993402437
0.992814660965436,0.000218585443812386,9.61209997520846e-08,0.00696665746975192
0.992753790167985,0.000219066726877469,9.65618432334023e-08,0.00702704654329394
0.992697301485102,0.00021961922214841,9.69926847567135e-08,0.00708298230006421
0.992643815297664,0.000220239640287867,9.74211387774959e-08,0.00713584764090905
0.992594715592676,0.000220964566667864,9.78483910525768e-08,0.00718422199226535
0.992550835274043,0.000221777762581469,9.82660070328102e-08,0.00722728869736811
0.99251169936479,0.000222630384521924,9.86650571990215e-08,0.00726557158563115
0.992478127413913,0.000223533389302336,9.90436134897476e-08,0.00729824015317088
0.992448914031353,0.000224474979785067,9.94060830392094e-08,0.00732651158277848
0.992419699989451,0.000225366429279772,9.97566562178826e-08,0.00735483382461267
0.992386994636409,0.000226140609144751,1.00099398849589e-07,0.00738676465504761
0.992351222174053,0.000226825300902036,1.0043778207474e-07,0.00742185208726237
0.992314956009238,0.000227504612672989,1.00776174960869e-07,0.00745743860191399
0.99227975324864,0.000228236051908694,1.01119014812268e-07,0.00749190958043668
0.992246258728983,0.00022903648197087,1.01466830616291e-07,0.00752460332221561
0.992215064519297,0.000229912050884964,1.01818240012594e-07,0.00755492161157803
0.992186084502091,0.000230856357320346,1.02172929308925e-07,0.00758295696765894
0.992159175395824,0.000231875813867134,1.02533870293976e-07,0.00760884625643831
0.992135345196138,0.000232983257032391,1.02898607397547e-07,0.00763156864822236
0.992115396452057,0.000234162463693166,1.03258366774462e-07,0.00765033782588287
0.992097382554359,0.000235364681827782,1.03611846641396e-07,0.00766714915196651
0.992077818060087,0.000236524850875146,1.03962738730667e-07,0.0076855531262995
0.9920556895913,0.000237649291732735,1.04317998844779e-07,0.00770655679896854
0.992031382139504,0.000238767914951838,1.04682593562469e-07,0.00772974526295027
0.992004216255445,0.00023984071767203,1.05051785539411e-07,0.0077558379750974
0.991975671848589,0.000240904356192949,1.05426787205455e-07,0.00778331836843109
0.991947239977901,0.000242005380150531,1.05809938984287e-07,0.0078106488320092
0.991917116495111,0.00024307949570581,1.06195237411867e-07,0.00783969781394612
0.991885189752727,0.000244125725515675,1.06581589487068e-07,0.00787057794016807
0.991852896394351,0.000245209631180386,1.0697467595997e-07,0.00790178699979259
0.991819126564132,0.00024636679895591,1.07388088104217e-07,0.00793439924882441
0.991783391954563,0.000247604381880122,1.07826790497719e-07,0.00796889583676637
0.99174861298408,0.000248908072334068,1.08272963537548e-07,0.00800237067062209
0.991715725252993,0.000250249940237118,1.08716744304624e-07,0.00803391609002554
0.991682975543934,0.000251630020052654,1.09168767609191e-07,0.00806528526724599
0.991650047791028,0.000253097023842644,1.09641826881282e-07,0.00809674554330231
0.991617272702879,0.000254670626357808,1.10138231086806e-07,0.00812794653253258
0.99158701688303,0.000256332146628753,1.10640218394536e-07,0.00815654033012253
0.991563757271,0.000258078456511771,1.11121627020227e-07,0.00817805315086161
0.991549196160081,0.000259901987989399,1.11570511038887e-07,0.00819079028141843
0.991539880068822,0.000261786238437215,1.1200097853192e-07,0.00819822169176251
0.991530199715822,0.000263749774495992,1.12446545757207e-07,0.00820593806313604
0.991519257979944,0.000265841655564427,1.12921838659094e-07,0.00821478744265272
0.991512055461183,0.000268088047582847,1.13404526894415e-07,0.00821974308670755
0.99151259345083,0.000270469073107995,1.1386846880567e-07,0.00821682360759337
0.991520316124178,0.000272943268638851,1.14308332177209e-07,0.00820662629885056
0.991532460458514,0.000275497729535907,1.14736277505575e-07,0.00819192707567252
0.991544594547268,0.000278169476092883,1.15183363175645e-07,0.00817712079327612
0.991552740095985,0.00028098087601471,1.15675937402151e-07,0.00816616335206261
0.991556627679308,0.000283854205405029,1.16200203071101e-07,0.00815940191508443
0.991556884366783,0.000286643912120235,1.16722821154707e-07,0.00815635499827576
0.991553857530323,0.000289283398265366,1.17227296742699e-07,0.0081567418441153
0.991548040875446,0.000291852024706195,1.17726966817759e-07,0.00815998937288067
0.991539348586314,0.000294388471941271,1.18230681824205e-07,0.00816614471106312
0.991527888360223,0.000296756086037287,1.1871002880771e-07,0.00817523684371089
0.991513961286504,0.000298848524217445,1.19142407064588e-07,0.00818707104687179
0.991498551590509,0.00030071691645735,1.19534030961807e-07,0.00820061195900291
0.991483708596624,0.000302505422007382,1.19903667897411e-07,0.00821366607770062
0.991470741103464,0.000304344836105098,1.20271545787999e-07,0.0082247937888853
0.991458901386388,0.000306284088161292,1.2065278173817e-07,0.00823469387266909
0.991447725910688,0.000308401476093542,1.21065036769324e-07,0.00824375154818175
0.991438819389821,0.00031087006677619,1.21530813834953e-07,0.00825018901258908
0.991433113749632,0.000313823046039832,1.2206750804526e-07,0.00825294113682018
0.991429096821716,0.000317201288097743,1.22669974770909e-07,0.00825357922021099
0.991425681074039,0.000320820227175518,1.2330890157829e-07,0.00825337538988418
0.991423599846353,0.000324602050065855,1.23966016922903e-07,0.00825167413756463
0.991422287742022,0.000328612075253601,1.24656925892557e-07,0.00824897552579857
0.991419222324581,0.00033288088017242,1.25401421210285e-07,0.00824777139382545
0.991412973627421,0.000337331434699641,1.26192240672191e-07,0.00824956874563927
0.991403016673556,0.000341831247153813,1.27006801410767e-07,0.00825502507248838
0.991390952667091,0.000346298729040079,1.27820304915035e-07,0.00826262078356428
0.991383267933257,0.00035078255157811,1.28602322837963e-07,0.00826582091284165
0.991385162432874,0.00035535287115019,1.29333465571642e-07,0.00825935536251006
0.991395155316367,0.000360004983284539,1.30021325252458e-07,0.0082447096790226
0.991408022330551,0.000364711353526539,1.30692937575095e-07,0.00822713562298452
0.991420317844752,0.000369461521010808,1.3136812585808e-07,0.00821008926611158
0.991432707755942,0.000374263580235318,1.32044231668464e-07,0.00819289661959156
0.991446424245196,0.000379159589930694,1.32720523151561e-07,0.00817428344434975
0.991462029615406,0.00038422794046689,1.33406313277049e-07,0.00815360903781389
0.991481623682719,0.000389545093801096,1.34099838531013e-07,0.00812869712364098
0.991507509547752,0.000395167441449524,1.34793421345656e-07,0.00809718821737735
0.991538778746413,0.000401101512580074,1.35491832004186e-07,0.00805998424917505
0.991572938839872,0.000407268977651401,1.36196871718042e-07,0.00801965598560443
0.991610404634395,0.000413573997723403,1.36888093111615e-07,0.00797588447978855
0.991651934872977,0.000419967504702102,1.37550675112886e-07,0.00792796007164639
0.991694405743388,0.000426365903227264,1.3819187246037e-07,0.00787909016151229
0.991733749044903,0.000432593561433478,1.38812269411414e-07,0.007833518581394
0.991769185172056,0.000438529717618905,1.39399974594535e-07,0.00779214571035095
0.991802893350755,0.000444235716222563,1.39951711766152e-07,0.00775273098131066
0.991837064951577,0.0004498776056121,1.4047980715029e-07,0.00771291696300348
0.991872591331907,0.00045558074595274,1.40997970959035e-07,0.00767168692416923
0.991908856975525,0.000461326835765385,1.41507300017745e-07,0.00762967468140912
0.991944693860428,0.000467027007843595,1.42002589973743e-07,0.00758813712913835
0.991981514708037,0.000472703013757725,1.42476830205223e-07,0.00754563980137536
0.992022130067884,0.000478433548263867,1.42920088225009e-07,0.0074992934637642
0.99206489978308,0.000484175690772683,1.4333813799222e-07,0.00745078118800915
0.992105792712071,0.0004898639130115,1.43752834176359e-07,0.0074041996220837
0.992144875930644,0.000495592501504949,1.44177193764632e-07,0.00735938739065697
0.992183422999879,0.000501479508539954,1.44617136967111e-07,0.00731495287444374
0.992219805548376,0.000507488931944274,1.45079489924399e-07,0.00727256044019016
0.992252804161338,0.000513539787522047,1.4556260529721e-07,0.00723351048853455
0.992283952200374,0.000519643250640033,1.46056666033812e-07,0.00719625849231985
0.992314960541786,0.00052580728957106,1.46549800046637e-07,0.00715908561884341
0.992345433392072,0.000531952458405844,1.47034717354243e-07,0.0071224671148041
0.992373836942337,0.000538063748671035,1.47522385039766e-07,0.00708795178660724
0.992400204674064,0.000544213950238317,1.48022080835537e-07,0.00705543335361714
0.992427083431162,0.000550465584393606,1.48519567694255e-07,0.00702230246487716
0.992455934573759,0.00055688560089383,1.49010957623905e-07,0.00698703081439022
0.992484311610016,0.000563438324364541,1.49513983509564e-07,0.00695210055163613
0.992510166770652,0.000570019738802572,1.50034091910168e-07,0.00691966345645408
0.992533482489184,0.000576646304916937,1.50573637337353e-07,0.00688972063226177
0.992553447584662,0.000583349563087215,1.51143921941737e-07,0.00686305170832879
0.992570260544414,0.000590085996585945,1.51737553263212e-07,0.00683950172144705
0.992586550614266,0.00059689133693306,1.52334893452232e-07,0.00681640571390793
0.992604499317989,0.00060383068847651,1.52923657063626e-07,0.00679151706987727
0.992623092147692,0.000610810683503033,1.53501107141027e-07,0.00676594366769809
0.99264109765987,0.000617755740100188,1.54069826221913e-07,0.00674099253020431
0.992661148391848,0.000624828944985593,1.54625999672916e-07,0.00671386803716653
0.992684714455429,0.00063219530499522,1.55175728309484e-07,0.00668293506384785
0.992709631992998,0.000639839318429887,1.55736737539904e-07,0.00665037295183488
0.992736194240879,0.00064777876675858,1.56306978305482e-07,0.00661587068538467
0.99276613328072,0.000656036245966716,1.56870564177142e-07,0.0065776736027493
0.992797853100511,0.000664437649532912,1.57420996136516e-07,0.00653755182896009
0.992828573653079,0.000672764409466055,1.57959820091882e-07,0.00649850397763446
0.992858619669762,0.00068101595630965,1.58484148436636e-07,0.00646020588978021
0.992891654148223,0.000689350314209654,1.58975160626206e-07,0.00641883656240626
0.992930832040266,0.000697893236629054,1.59413661767669e-07,0.00637111530944354
0.992975921892058,0.000706684595980513,1.59803842393473e-07,0.00631723370811947
0.993023665164407,0.000715598845182197,1.60163283038755e-07,0.00626057582712752
0.993071198288332,0.000724349925313377,1.604905784655e-07,0.00620429129577622
0.993119071981307,0.000732702902959293,1.60755997393495e-07,0.00614806435973582
0.993169354620396,0.00074072675211242,1.60945669108832e-07,0.00608975768182264
0.993222068879144,0.000748602546973139,1.61078432923873e-07,0.00602916749544971
0.993274348077416,0.000756166972874004,1.611694973923e-07,0.00596932378021286
0.993324510075311,0.000763225813129472,1.61219592627542e-07,0.00591210289196682
0.993373844531823,0.000769975545913284,1.61236206747818e-07,0.00585601868605708
0.993422627286539,0.00077662946241294,1.61238989761106e-07,0.00580058201205804
0.993469621748213,0.000783198470159761,1.61244205230693e-07,0.00574701853742271
0.99351460421449,0.000789735702991796,1.61260217071698e-07,0.0056954988223005
0.993558042329849,0.000796355061808563,1.61292094423044e-07,0.00564544131624774
0.993600058767436,0.000803129946827325,1.61343982600332e-07,0.00559664994175414
0.9936406718432,0.000810091350234322,1.61417872181436e-07,0.00554907538869336
0.99367922913246,0.000817196626956844,1.61518386436417e-07,0.00550341272219659
0.993715686310732,0.000824375297368385,1.6164052290457e-07,0.00545977675137629
0.993751691955802,0.00083158072589051,1.61760062654564e-07,0.00541656555824504
0.99378765785184,0.000838831769628318,1.61873656486889e-07,0.00537334850487538
0.993822132630479,0.000846165879519517,1.62003423467248e-07,0.00533153948657799
0.993853859240881,0.000853496197111835,1.62158817614754e-07,0.0052924824031896
0.993881861613412,0.000860695246295274,1.62342713456278e-07,0.00525728079757943
0.993904988701921,0.000867706749014952,1.62566865816347e-07,0.00522714198219825
0.99392372996925,0.00087441354804009,1.62816724017026e-07,0.00520169366598612
0.993939170082733,0.00088063938966994,1.63063362621985e-07,0.00518002746423416
0.993950269908574,0.000886485703463973,1.63327186311755e-07,0.00516308106077611
0.993956844828239,0.000892325943874454,1.63641247619833e-07,0.00515066558663885
0.993960841114528,0.000898483249863949,1.64007536631692e-07,0.00514051162807194
0.993962626104063,0.00090519025989504,1.64439513198784e-07,0.00513201919652829
0.993960089847985,0.000912496894257833,1.64966548330535e-07,0.00512724829120858
0.993951648218142,0.000920208184734502,1.65592831218862e-07,0.00512797800429204
0.993938159706737,0.000928226214090542,1.66301047750355e-07,0.00513344777812447
0.993922222648355,0.000936717429116599,1.67071780358932e-07,0.00514089285074827
0.993905788044008,0.000945762998691093,1.67885987506828e-07,0.00514828107131387
0.993888816196372,0.000955192624446712,1.68732042792092e-07,0.0051558224471387
0.993870278554457,0.000964875166594945,1.69614505074685e-07,0.00516467666444264
0.993849613551019,0.000974766612127918,1.70535997054695e-07,0.00517544930085632
0.993826599535371,0.000984899553508071,1.71499735958151e-07,0.0051883294113851
0.993799630403882,0.000995579401787474,1.72550195320334e-07,0.00520461764413571
0.993766933352203,0.00100717179632242,1.7373924279176e-07,0.00522572111223186
0.993728813040559,0.00101975529504972,1.75068051042709e-07,0.00525125659634078
0.993686225647576,0.00103314883030942,1.76508774009238e-07,0.00528044901334035
0.993638964690995,0.00104721243039317,1.7805271170983e-07,0.00531364482590052
0.993586044769203,0.00106204703003043,1.79720825769024e-07,0.00535172847994075
0.993526635079065,0.00107785994233849,1.81540631850396e-07,0.00539532343796415
0.993460579907576,0.00109481538906724,1.83526683272463e-07,0.0054444211766734
0.993388740023808,0.00111295622980587,1.85668815713427e-07,0.0054981180775702
0.993312486211708,0.00113213034830122,1.87934766994475e-07,0.00555519550522385
0.993232267495134,0.00115201370771526,1.90293996331368e-07,0.00561552850315425
0.993147691173853,0.00117224830499568,1.92726624095717e-07,0.00567986779452705
0.99305838637595,0.00119266603655794,1.9522657611852e-07,0.00574875236091591
0.992965033579677,0.00121336549249444,1.97792387726986e-07,0.00582140313544095
0.992869701109636,0.00123450190324892,2.00407306906272e-07,0.00589559657980839
0.992773460064558,0.00125610704333761,2.03059903996609e-07,0.0059702298322002
0.992675879718312,0.00127812832816641,2.05753756688986e-07,0.00604578619976527
0.992577247583903,0.00130051642368772,2.08481208150376e-07,0.00612202751120082
0.992478361397875,0.00132328821290647,2.11230270284223e-07,0.00619813915894841
0.992378933698567,0.00134650111116908,2.14007151593677e-07,0.00627435118311188
0.992277430694133,0.00137021589151816,2.16837413682335e-07,0.0063521365769349
0.992172601215114,0.00139440727754492,2.19737888725287e-07,0.00643277176945267
0.992065114083494,0.00141886376460456,2.22685100385477e-07,0.00651579946680108
0.991956369977485,0.00144341291853277,2.25646969009768e-07,0.00659999145701271
0.991847158234329,0.00146822696543044,2.28624006590385e-07,0.00668438617623467
0.991736766443543,0.00149365294631301,2.3165048677712e-07,0.0067693489596569
0.991623922382619,0.00151995818857908,2.34762855776402e-07,0.00685588466594616
0.991509371633326,0.00154733880841425,2.37963663614551e-07,0.00694305159459559
0.991393242805728,0.00157570180304046,2.41244070233488e-07,0.00703081414716143
0.991274374116484,0.00160475260787321,2.44599069974679e-07,0.00712062867657284
0.99115270864941,0.00163434463764228,2.48017719704147e-07,0.00721269869522778
0.991028023271646,0.00166441083211526,2.51498022706569e-07,0.00730731439821612
0.990899407709136,0.00169494798479428,2.55052583006008e-07,0.00740538925348701
0.990766303014287,0.00172616221704988,2.58701070158947e-07,0.00750727606759316
0.990629441014158,0.00175834641058035,2.624493385554e-07,0.00761195012592283
0.990490053765319,0.00179153594080124,2.6628182046767e-07,0.00771814401205976
0.990348680148485,0.00182545193061516,2.7017595381258e-07,0.00782559774494609
0.990204975203511,0.00185951611823802,2.74103430131085e-07,0.00793523457482122
0.990058382879734,0.00189304873745391,2.78030586192899e-07,0.00804829035222585
0.989908758011289,0.0019260490854497,2.81959652506185e-07,0.00816491094360915
0.989754742831935,0.00195896188940542,2.85940090110064e-07,0.00828600933856992
0.989594870108726,0.00199177161941196,2.89994658563431e-07,0.00841306827720339
0.989430072799076,0.00202434675135612,2.94102152298009e-07,0.00854528634741514
0.989262835383252,0.00205686026670217,2.98235899799863e-07,0.00868000611414629
0.989095969910781,0.00208957302873457,3.02369307296458e-07,0.00881415469117657
0.988931252832547,0.00212263622567324,3.06484863248458e-07,0.00894580445691685
0.988767815885218,0.00215599218055544,3.10591660306104e-07,0.00907588134256635
0.988603388248874,0.00218931397521507,3.14702465563274e-07,0.00920698307344522
0.988437211851917,0.00222254577977276,3.18825173566038e-07,0.00933992354313612
0.988268164009664,0.00225598471718658,3.22996003801491e-07,0.0094755282771459
0.988093346592934,0.00228936952870639,3.27242241485565e-07,0.00961695663611817
0.987912733434767,0.00232228253227923,3.3153814963877e-07,0.00976465249480431
0.987728976869518,0.00235476020480509,3.35845875100407e-07,0.00991592707980166
0.987544222881397,0.00238691305115329,3.40140497145051e-07,0.0100685239269524
0.987361625259996,0.00241907662114921,3.44398955966479e-07,0.0102189537198987
0.987183061796768,0.00245164860356019,3.48620927523837e-07,0.0103649409787445
0.987006654006547,0.00248474523332551,3.52841572381496e-07,0.0105082479185553
0.986832815479482,0.002518679264886,3.57075674196443e-07,0.0106481481799581
0.986665122740141,0.00255368510591767,3.61287832491116e-07,0.0107808308661092
0.986503194028069,0.00258948602418627,3.65465436522474e-07,0.0109069544823085
0.986342520725235,0.0026257132829507,3.69648467016084e-07,0.0110313963433472
0.986181752466796,0.00266223256945224,3.73848179503198e-07,0.0111556411155721
0.986024209132713,0.0026990912864244,3.78020483618721e-07,0.0112763215603786
0.985871293321035,0.00273628049571981,3.82143114642304e-07,0.011392044040131
0.9857199579136,0.00277365662687049,3.86248399525089e-07,0.0115059992111302
0.985567212758557,0.00281120500973098,3.90376981914957e-07,0.0116211918547307
0.985413775247655,0.00284929788332636,3.94542759197421e-07,0.011736532326259
0.985261771231203,0.00288838234574114,3.98744882724245e-07,0.0118494476781736
0.985111426438609,0.00292846682325952,4.02980082958901e-07,0.011959703758048
0.984961362189587,0.00296906245694608,4.07236463732784e-07,0.012069168117003
0.984809562964482,0.00300973285057999,4.11516017011512e-07,0.0121802926689213
0.984654681421628,0.00305053118487389,4.15841039566612e-07,0.0122943715524583
0.984496620076837,0.00309156754371081,4.20219262163122e-07,0.0124113921601896
0.984335574795786,0.00313258861699817,4.24633656345249e-07,0.0125314119535597
0.984172333005345,0.00317329668950679,4.29056002138104e-07,0.0126539412491457
0.984007307803754,0.00321392643156277,4.33494532584666e-07,0.0127783322701501
0.983839664632759,0.00325499024392397,4.37994257441155e-07,0.0129049071290602
0.98366970259635,0.00329620817338476,4.42539031224138e-07,0.0130336466912338
0.983498332113318,0.00333650942584549,4.4705373970051e-07,0.0131647114070965
0.983326112804676,0.00337570032520182,4.5151600592467e-07,0.013297735354116
0.983153105508299,0.00341471079288627,4.55977314478656e-07,0.0134317277214996
0.982979656688647,0.00345393963146984,4.60455994471252e-07,0.0135659432238891
0.982810628893088,0.00349320471995238,4.64873224691444e-07,0.0136957015137349
0.982651601658094,0.00353229744515145,4.69138219645223e-07,0.0138156317585348
0.982500753254083,0.00357103523473092,4.73264979476685e-07,0.0139277382462064
0.98235365159435,0.00360942318859643,4.77315318216255e-07,0.0140364479017352
0.982210792021896,0.00364736077894693,4.81278024880613e-07,0.0141413659211321
0.982072932462567,0.0036845750082515,4.85129922188614e-07,0.0142420073992592
0.981937870187261,0.00372074403927771,4.88884726434998e-07,0.0143408968887345
0.981802218597965,0.00375577330507751,4.92584337443346e-07,0.0144415155126196
0.981663385560729,0.0037900598189463,4.96289319961944e-07,0.0145460583310049
0.98152478415378,0.00382394208292312,4.99971804079755e-07,0.0146507737914923
0.981393271738689,0.00385759591934602,5.03543002797962e-07,0.0147486287989618
0.981270224077823,0.00389144157293307,5.07004823504251e-07,0.01483782734442
0.981152310268456,0.00392533095132796,5.10395873824021e-07,0.0149218483843423
0.98104054443665,0.00395842625708899,5.13656152579858e-07,0.0150005156501085
0.980941468843793,0.00399075915727246,5.16694913566896e-07,0.0150672553040208
0.980857590238153,0.0040232527903489,5.19526262289314e-07,0.015118637445236
0.980783037530932,0.00405626458303597,5.22251397708816e-07,0.015160175634634
0.980711212259005,0.00408927693363743,5.24934805187317e-07,0.0151989858725526
0.980639771635003,0.00412189199379338,5.27588820581259e-07,0.0152378087823827
0.980568035739969,0.00415441615422631,5.30241296200697e-07,0.0152770178645085
0.980496003696884,0.00418671626131177,5.3288629994483e-07,0.0153167471555038
0.98042163022032,0.00421724991051496,5.35472605460907e-07,0.01536058439656
0.980341305583348,0.00424447924933963,5.37972972611657e-07,0.0154136771943401
0.980256209168738,0.00426855754799361,5.40379084853936e-07,0.0154746929041839
0.980170214828425,0.00429083738474356,5.42704310207218e-07,0.0155384050825214
0.980084847201095,0.00431201152671375,5.44962064325817e-07,0.0156025963101272
0.980000665137009,0.00433142681446227,5.47112101584144e-07,0.0156673609364277
0.979917129849697,0.00434832029316,5.49124170300219e-07,0.0157340007329722
0.979832472986059,0.00436294293424517,5.51036144528157e-07,0.0158040330435511
0.979745369637876,0.00437633688016713,5.529204883492e-07,0.0158777405614689
0.979654929229847,0.00438914376071434,5.54825332530952e-07,0.0159553721841056
0.979561249073149,0.00440135419565246,5.56751577561781e-07,0.0160368399796205
0.979464325608873,0.0044132767419778,5.58715719743563e-07,0.0161218389334291
0.979364760390347,0.00442565103481898,5.60747010921999e-07,0.0162090278278229
0.979265996915399,0.00443855827507138,5.62799007454212e-07,0.0162948820105218
0.979169982891256,0.00445133546136541,5.64808051907196e-07,0.0163781168393268
0.979076247230083,0.00446376954919502,5.66772730174816e-07,0.016459416447992
0.978984600403688,0.00447580921847633,5.68696815911207e-07,0.0165390216810198
0.978893254972406,0.00448675171679673,5.70567835952471e-07,0.0166194227429617
0.978799661540547,0.00449567918588514,5.72368899754311e-07,0.0167040869046678
0.978703332040992,0.00450221321553124,5.74082045148476e-07,0.0167938806614315
0.978605977692067,0.00450671344362887,5.75699440290628e-07,0.0168867331648642
0.978510167240535,0.00450969465511703,5.77211417404026e-07,0.0169795608929305
0.978418874988539,0.00451158708086651,5.78600099510511e-07,0.017068959330495
0.978335873444582,0.00451320243672758,5.7985822002546e-07,0.0171503442604704
0.978264029649598,0.00451474419120878,5.80958136842989e-07,0.0172206452010561
0.978199430728407,0.00451456643869288,5.81868354226559e-07,0.0172854209645456
0.978130639037455,0.00451098933666972,5.82661709224655e-07,0.0173577889641661
0.978051809632117,0.00450450343160534,5.83446163044772e-07,0.0174431034901147
0.977969370543262,0.00449688595376538,5.84222733115399e-07,0.0175331592802397
0.977889565928214,0.00448895448885189,5.84943558094975e-07,0.0176208946393757
0.977811192698272,0.0044803309938322,5.85603228753493e-07,0.0177078907046671
0.977731894297986,0.00447057198600652,5.86208570622427e-07,0.0177969475074372
0.977652121000428,0.00445992371259611,5.86765215237828e-07,0.0178873685217605
0.977573256169878,0.0044492934163731,5.87305227233725e-07,0.0179768631085218
0.977495883333406,0.00443896674835249,5.87837070011512e-07,0.0180645620811716
0.977421209503031,0.00442812421499927,5.88297673460277e-07,0.0181500779842959
0.977349787650518,0.00441585805183991,5.88627740711626e-07,0.0182337656699015
0.97727882759001,0.00440169641358678,5.88837126447236e-07,0.0183188871592765
0.977205392172624,0.00438555236974415,5.88958067933651e-07,0.0184084664995634
0.977129869280353,0.0043681159173087,5.8902263957117e-07,0.0185014257796988
0.977052487889684,0.00435033382957449,5.89081985329229e-07,0.0185965891987558
0.976970837023587,0.00433201195091268,5.891575672894e-07,0.0186965618679335
0.976883532539727,0.00431229480871836,5.89216331271767e-07,0.0188035834352238
0.976792761820534,0.00429111455763841,5.89221703679942e-07,0.0189155344001242
0.976701996039254,0.00426931224540493,5.89176411679334e-07,0.0190281025389296
0.976610873936982,0.00424749919123427,5.89122157625457e-07,0.0191410377496265
0.976518405030898,0.00422581080755255,5.89079589857528e-07,0.0192551950819592
0.976426396510039,0.00420463313278803,5.89049932859811e-07,0.0193683813072396
0.976334277789576,0.00418442438857284,5.89072194798127e-07,0.019480708749656
0.976240272270641,0.00416541343593087,5.891859797249e-07,0.0195937251074482
0.976143578952598,0.00414742086966862,5.89389259316254e-07,0.0197084107884746
0.976044181881546,0.00412963229971528,5.89627994888935e-07,0.0198255961907442
0.975944233475647,0.00411107605461989,5.89811916407715e-07,0.0199441006578168
0.975844175543341,0.00409153656168224,5.89921697780906e-07,0.0200636979732791
0.975741589834666,0.00407151894586868,5.90019593415846e-07,0.0201863011998718
0.975634819376436,0.00405093813002024,5.90118076700856e-07,0.0203136523754669
0.975525179575884,0.00402904427314929,5.90148517459889e-07,0.020445186002449
0.975418955907335,0.00400620632455252,5.90057758335531e-07,0.0205742477103539
0.975321864095116,0.00398344735917891,5.89847470079349e-07,0.0206940986982352
0.97522807751258,0.00396011405251088,5.89546634180003e-07,0.0208112188882748
0.97512793274853,0.00393473550059393,5.89171212363367e-07,0.0209367425796631
0.975022041557234,0.00390717771140253,5.88702798659642e-07,0.0210701920285653
0.974915561064717,0.00387835654627008,5.88138087039013e-07,0.0212054942509254
0.974810433339678,0.00384934933221728,5.87522041222252e-07,0.0213396298060637
0.974705037151305,0.00382097115098168,5.86927821453166e-07,0.0214734047698914
0.974596455076803,0.00379350725029828,5.8640993513899e-07,0.0216094512629634
0.974484634019388,0.00376702725341647,5.8597482222128e-07,0.0217477527523736
0.974371037203789,0.00374126405244704,5.85587217434223e-07,0.0218871131565462
0.974255817295998,0.00371557200163747,5.85197538517372e-07,0.022028025504826
0.974138570988157,0.00368973437349483,5.8479307846706e-07,0.0221711098452693
0.974015962321078,0.00366362378780238,5.8440295236032e-07,0.0223198294881677
0.973882789925448,0.00363690325795272,5.84061264950493e-07,0.0224797227553345
0.973736549564649,0.00360993878209424,5.83822397443511e-07,0.0226529278308589
0.97357937104194,0.00358353016674006,5.83722896999776e-07,0.0228365150684231
0.973418825437445,0.00355816091228697,5.83716340028122e-07,0.0230224299339283
0.973259781079139,0.003533743544191,5.83739554766571e-07,0.0232058916371152
0.973100085000776,0.00350955845943132,5.83755944682552e-07,0.0233897727838476
0.972936931304171,0.00348479152960456,5.83731242342068e-07,0.0235776934349823
0.972769288505156,0.00345890787765648,5.83635383922568e-07,0.0237712199818035
0.972595195239777,0.00343148338717885,5.83454972549295e-07,0.0239727379180723
0.972409064675122,0.00340223909184921,5.83219978366762e-07,0.0241881130130502
0.972207459797086,0.00337148081075303,5.82979474818547e-07,0.0244204764126864
0.971996749777132,0.0033400801348394,5.82730447133421e-07,0.0246625873575811
0.971790276406083,0.00330891731880507,5.82409775181593e-07,0.0249002238653365
0.971598908761371,0.00327831724738685,5.81941828435739e-07,0.025122192049414
0.971424575210721,0.00324816754990388,5.81304893237208e-07,0.0253266759344824
0.971259515577145,0.003218663154082,5.80595101765789e-07,0.0255212406736713
0.971095006655968,0.00319002701306185,5.7991697476786e-07,0.0257143864139953
0.970929869654547,0.00316197905209326,5.79257440871907e-07,0.0259075720359184
0.970762255068445,0.00313375049914293,5.78565822913366e-07,0.0261034158665893
0.970584613334818,0.00310413892409853,5.77804806547902e-07,0.0263106699362772
0.970394200589824,0.00307242425248642,5.76930527080452e-07,0.0265327982271626
0.970201329207807,0.00303915964502273,5.75891657318139e-07,0.0267589352555129
0.970022647524292,0.00300583593010672,5.74672973309945e-07,0.0269709418726281
0.969865340579918,0.0029736619787828,5.73328533213093e-07,0.027160424112766
0.969719475183787,0.0029427369525387,5.71961681565332e-07,0.0273372159019926
0.9695720214949,0.00291296772481993,5.70682462254433e-07,0.027514440097818
0.969416669950958,0.00288441560510215,5.69556412841896e-07,0.0276983448875275
0.969250181487169,0.00285667044587757,5.68572222355965e-07,0.027892579494731
0.969074559029753,0.0028292492960643,5.67660958558376e-07,0.0280956240132238
0.968895163848505,0.00280253158125223,5.66814095350688e-07,0.0283017377561479
0.968721182886672,0.00277759478670899,5.66071134420717e-07,0.0285006562554851
0.968565701068724,0.00275499474844223,5.65390211147273e-07,0.0286787387926223
0.968438893625047,0.00273427839601187,5.64647027831768e-07,0.0288262633319131
0.968335581631698,0.00271424814965466,5.63764704672619e-07,0.0289496064539424
0.968235110809245,0.00269395856630763,5.62816947909018e-07,0.0290703678074994
0.968124236707211,0.00267357231453104,5.61926641804034e-07,0.0292016290516162
0.968005736967465,0.00265353942828259,5.61113634443314e-07,0.0293401624906178
0.967885555091319,0.00263369360878941,5.60310694754051e-07,0.0294801909891971
0.967765529841153,0.00261352140483522,5.59449089558784e-07,0.0296203893049225
0.967648022026145,0.00259285393399662,5.58490936869581e-07,0.029758565548922
0.967536597650419,0.0025720742795722,5.57448245491265e-07,0.0298907706217637
0.967429805762506,0.00255136255857366,5.56352070860616e-07,0.0300182753268496
0.967325194576612,0.00253043018558988,5.55190714199783e-07,0.0301438200470834
0.967230750230472,0.00250935607853105,5.53913516789923e-07,0.0302593397774806
0.967160239458183,0.00248874492543817,5.52485842472068e-07,0.0303504631305363
0.967120752751752,0.00246897911317989,5.50901178691709e-07,0.0304097172338892
0.96710565086853,0.00244986538951692,5.49191820877029e-07,0.0304439345501328
0.967102876587825,0.00243123902337386,5.47431108043887e-07,0.0304653369576934
0.967109967717376,0.00241327469012686,5.45658075073004e-07,0.0304762119344217
0.967127161372373,0.00239599779421109,5.43875261172312e-07,0.0304762969581544
0.967149468874729,0.00237917350010246,5.42093843418039e-07,0.0304708155313252
0.967173098082501,0.00236258588976514,5.40317893019127e-07,0.0304637757098414
0.967199041074898,0.00234610513662098,5.38525966061552e-07,0.0304543152625149
0.967232198305988,0.00232966355008805,5.36675291876848e-07,0.0304376014686327
0.967280515714497,0.0023133555887972,5.34719941444476e-07,0.0304055939767642
0.967349679305013,0.00229753180530125,5.32661168271122e-07,0.0303522562285172
0.967430337292954,0.00228266422835952,5.30626749372074e-07,0.0302864678519371
0.967505314505623,0.00226914242836035,5.28794448927017e-07,0.0302250142715677
0.967570994089488,0.00225697177805233,5.27196659632979e-07,0.0301715069358002
0.967631604657485,0.00224542456448356,5.25715251816988e-07,0.0301224450627799
0.967686891160595,0.00223378936754188,5.2426228167337e-07,0.030078795209581
0.967733692814645,0.00222219052521249,5.22873213891251e-07,0.030043593786928
0.967769429568392,0.00221071817196982,5.21578293078784e-07,0.0300193306813447
0.967791374214896,0.00219893647364154,5.20345672617887e-07,0.0300091689657891
0.967797799959684,0.00218674507054045,5.1917553181333e-07,0.0300149357942435
0.967791815947125,0.00217461254148166,5.18101192862313e-07,0.0300330534102008
0.967775091509339,0.00216278872585084,5.17139764310852e-07,0.0300616026250456
0.967745051650416,0.00215073517093793,5.16243025873819e-07,0.0301036969356202
0.967700805325589,0.00213750190540975,5.15298643651706e-07,0.0301611774703575
0.967644046815018,0.00212270522650548,5.14241867569507e-07,0.0302327337166087
0.967579121447701,0.00210692278692512,5.13107326469381e-07,0.030313442658047
0.967512311901287,0.00209092275061611,5.11942573649284e-07,0.0303962534055231
0.967445270136045,0.00207501628345673,5.1077392131773e-07,0.0304792028065766
0.967374545507654,0.00205938646933503,5.0965017158243e-07,0.0305655583728391
0.96730006280179,0.00204430841197484,5.08608927839869e-07,0.0306551201773077
0.967224466750667,0.0020296780065581,5.07618470398352e-07,0.0307453476243049
0.967149551696826,0.00201524412109281,5.06632823834684e-07,0.0308346975492575
0.967077863253945,0.00200111852482865,5.05648354021406e-07,0.0309205125728721
0.967010718335771,0.00198741397775607,5.04670973392756e-07,0.0310013630154997
0.966947235990338,0.00197403096558082,5.03695430821454e-07,0.0310782293486507
0.966883057829043,0.00196073466291101,5.02723830947944e-07,0.0311557047842146
0.966810570269293,0.00194737600474797,5.01790737026117e-07,0.0312415519352218
0.966727946311397,0.00193390396801817,5.00900503632487e-07,0.031337648820081
0.966642068366731,0.00192015718112364,4.999823031576e-07,0.0314372744698418
0.966559045222354,0.00190584537474326,4.98955183537413e-07,0.0315346104477189
0.966477277377325,0.00189052212777834,4.97768624236763e-07,0.031631702726272
0.966390200581739,0.00187390186752268,4.9642426008939e-07,0.0317354011264787
0.966294624127215,0.00185635651456695,4.9498875766678e-07,0.0318485243694605
0.966194259302384,0.00183872741019228,4.93549037674195e-07,0.0319665197383862
0.96609185522662,0.00182157503670764,4.92163570054826e-07,0.032086077573102
0.965988226996854,0.00180489197649601,4.90827269781751e-07,0.0322063901993798
0.96588728748661,0.00178828631895851,4.89462012661134e-07,0.0323239367324184
0.965785972922624,0.00177125080621748,4.88016203962924e-07,0.032442288254955
0.965673354298445,0.00175350103352532,4.86516084301261e-07,0.0325726581519455
0.965546590786907,0.0017350880399965,4.84981524923679e-07,0.0327178361915714
0.965416816641632,0.00171644666492585,4.83401561564573e-07,0.0328662532918806
0.965299530730481,0.00169821763884275,4.81774841877729e-07,0.0330017698558342
0.965199197770092,0.00168071926731082,4.80125555107306e-07,0.0331196028370422
0.965108000596256,0.00166390615788971,4.78498375508282e-07,0.0332276147474785
0.965017218167827,0.00164758021993638,4.76917579671083e-07,0.0333347246946571
0.964924824854307,0.00163146610927885,4.75353593806149e-07,0.0334432336828203
0.964838490646678,0.00161549633806748,4.7375098173415e-07,0.0335455392642731
0.964771054856204,0.00159993007437804,4.7207669093271e-07,0.0336285429927266
0.964727498832938,0.00158510829231047,4.70359553396617e-07,0.0336869225151983
0.964695939135074,0.00157123484882995,4.687041908427e-07,0.0337323573119048
0.964666189226094,0.00155845586942384,4.67194065872083e-07,0.033774887710416
0.964647135362849,0.00154675829726651,4.65778190698207e-07,0.033805640561694
0.964642638729544,0.00153575211870017,4.6437574616767e-07,0.0338211447760093
0.964638632143426,0.0015250108688994,4.63002586502256e-07,0.0338358939850883
0.964624851516721,0.00151432929818552,4.61686285343914e-07,0.033860357498808
0.96460590672033,0.00150359622995951,4.60382136564243e-07,0.0338900366675736
0.964589787677628,0.00149277414001082,4.59038388631458e-07,0.033916979143973
0.964575098642634,0.00148189901734827,4.57670477505498e-07,0.03394254466954
0.964551754292526,0.00147088676709028,4.56322414734676e-07,0.0339769026179687
0.964512976085031,0.00145948702113384,4.54989336452691e-07,0.0340270819044986
0.964462711703039,0.0014476137390409,4.5363073912002e-07,0.0340892209271805
0.964406978375397,0.00143560705796549,4.52264441169012e-07,0.0341569623021965
0.964344713313965,0.00142394580439097,4.5097361263942e-07,0.0342308899080312
0.964275225889928,0.00141288810825762,4.49806300445577e-07,0.0343114361955141
0.964205382412709,0.00140256437480194,4.48749774196747e-07,0.0343916044627153
0.964135940528424,0.00139288500474193,4.47787950119683e-07,0.0344707266788845
0.964054751451669,0.00138337615467116,4.46908655349355e-07,0.0345614254850046
0.963952033380143,0.00137360705482553,4.46092600102213e-07,0.0346739134724317
0.963826067624493,0.00136357968691802,4.45348684718894e-07,0.0348099073399041
0.96367951098067,0.00135351708812091,4.44697678712488e-07,0.034966527233531
0.963521648153189,0.00134356390182933,4.44110995756554e-07,0.0351343438339859
0.96336195936933,0.00133375167874432,4.43541372746846e-07,0.0353038454105526
0.963207521185405,0.00132413754790894,4.42961274168645e-07,0.035467898305412
0.963064700797485,0.00131475692637264,4.42344911931984e-07,0.0356200999312311
0.962930616848326,0.00130544670170768,4.4167933557857e-07,0.0357634947706308
0.962797850212648,0.00129610307551361,4.40985257525131e-07,0.0359056057265808
0.962661138901454,0.00128691961821834,4.40325679089472e-07,0.0360515011546488
0.962517240164595,0.00127808578949237,4.39751046159684e-07,0.0362042342948663
0.962366289271034,0.00126952520647023,4.392457082713e-07,0.0363637462767871
0.962208043363889,0.00126108997997727,4.38784404994821e-07,0.0365304278717289
0.962043886157649,0.00125278605690634,4.38361885311511e-07,0.0367028894235594
0.961876975119925,0.0012446270679424,4.37964262130385e-07,0.0368779598478702
0.961706269605269,0.00123653558909809,4.37582341032334e-07,0.0370567572232922
0.961529140138565,0.00122848152955986,4.37224495916143e-07,0.0372419411073789
0.961344988181611,0.00122041956563556,4.36885484621076e-07,0.037434155367269
0.961152697702878,0.0012121905153437,4.36539273939818e-07,0.0376346752425042
0.960950537903514,0.0012036236972475,4.36159052820636e-07,0.0378454022401855
0.960737547565477,0.00119463687960072,4.35730924461182e-07,0.0380673798239982
0.960515000208044,0.00118534250520555,4.35268781511387e-07,0.0382992220179692
0.96029315171046,0.00117611260840053,4.34796210238306e-07,0.0385303008849288
